0.6,0.6,0.6,0.6,0.6,0.6,0.6,0.6,0.6,0.6,0.6,0.6,0.6,0.6,0.6,0.6,0.6,0.6,0.6,0.6,0.6,0.6,0.6,0.6,0.6,0.6,0.6,0.6,0.6,0.6,0.6,0.6,0.6,0.6,0.6,0.6,0.6,0.6,0.6,0.6,0.6,0.6,0.6,0.6,0.6,0.6,0.6,0.6,0.6,0.6,0.6,0.6,0.6,0.6,0.6,0.6,0.6,0.6,0.6,0.6,0.6,0.6,0.6,0.6,0.6,0.6,0.6,0.6,0.6,0.6,0.6,0.6,0.6,0.6,0.6,0.6,0.6,0.6,0.6,0.6,0.6,0.6,0.6,0.6,0.6,0.6,0.6,0.6,0.6,0.6,0.6,0.6,0.6,0.6,0.6,0.6,0.6,0.6,0.6,0.6,0.6,0.6,0.6,0.6,0.6,0.6,0.6,0.6,0.6,0.6,0.6,0.6,0.6,0.6,0.6,0.6,0.6,0.6,0.6,0.6
0.6,0.6,0.6,0.6,0.6,0.6,0.6,0.6,0.6,0.6,0.6,0.6,0.6,0.6,0.6,0.6,0.6,0.6,0.6,0.6,0.6,0.6,0.6,0.6,0.6,0.6,0.6,0.6,0.6,0.6,0.6,0.6,0.6,0.6,0.6,0.6,0.6,0.6,0.6,0.6,0.6,0.6,0.6,0.6,0.6,0.6,0.6,0.6,0.6,0.6,0.6,0.6,0.6,0.6,0.6,0.6,0.6,0.6,0.6,0.6,0.6,0.6,0.6,0.6,0.6,0.6,0.6,0.6,0.6,0.6,0.6,0.6,0.6,0.6,0.6,0.6,0.6,0.6,0.6,0.6,0.6,0.6,0.6,0.6,0.6,0.6,0.6,0.6,0.6,0.6,0.6,0.6,0.6,0.6,0.6,0.6,0.6,0.6,0.6,0.6,0.6,0.6,0.6,0.6,0.6,0.6,0.6,0.6,0.6,0.6,0.6,0.6,0.6,0.6,0.6,0.6,0.6,0.6,0.6,0.6
0.6,0.6,0.6,0.6,0.6,0.6,0.6,0.6,0.6,0.6,0.6,0.6,0.6,0.6,0.6,0.6,0.6,0.6,0.6,0.6,0.6,0.6,0.6,0.6,0.6,0.6,0.6,0.6,0.6,0.6,0.6,0.6,0.6,0.6,0.6,0.6,0.6,0.6,0.6,0.6,0.6,0.6,0.6,0.6,0.6,0.6,0.6,0.6,0.6,0.6,0.6,0.6,0.6,0.6,0.6,0.6,0.6,0.6,0.6,0.6,0.6,0.6,0.6,0.6,0.6,0.6,0.6,0.6,0.6,0.6,0.6,0.6,0.6,0.6,0.6,0.6,0.6,0.6,0.6,0.6,0.6,0.6,0.6,0.6,0.6,0.6,0.6,0.6,0.6,0.6,0.6,0.6,0.6,0.6,0.6,0.6,0.6,0.6,0.6,0.6,0.6,0.6,0.6,0.6,0.6,0.6,0.6,0.6,0.6,0.6,0.6,0.6,0.6,0.6,0.6,0.6,0.6,0.6,0.6,0.6
0.6,0.6,0.6,0.6,0.6,0.6,0.6,0.6,0.6,0.6,0.6,0.6,0.6,0.6,0.6,0.6,0.6,0.6,0.6,0.6,0.6,0.6,0.6,0.6,0.6,0.6,0.6,0.6,0.6,0.6,0.6,0.6,0.6,0.6,0.6,0.6,0.6,0.6,0.6,0.6,0.6,0.6,0.6,0.6,0.6,0.6,0.6,0.6,0.6,0.6,0.6,0.6,0.6,0.6,0.6,0.6,0.6,0.6,0.6,0.6,0.6,0.6,0.6,0.6,0.6,0.6,0.6,0.6,0.6,0.6,0.6,0.6,0.6,0.6,0.6,0.6,0.6,0.6,0.6,0.6,0.6,0.6,0.6,0.6,0.6,0.6,0.6,0.6,0.6,0.6,0.6,0.6,0.6,0.6,0.6,0.6,0.6,0.6,0.6,0.6,0.6,0.6,0.6,0.6,0.6,0.6,0.6,0.6,0.6,0.6,0.6,0.6,0.6,0.6,0.6,0.6,0.6,0.6,0.6,0.6
0.6,0.6,0.6,0.6,0.6,0.6,0.6,0.6,0.6,0.6,0.6,0.6,0.6,0.6,0.6,0.6,0.6,0.6,0.6,0.6,0.6,0.6,0.6,0.6,0.6,0.6,0.6,0.6,0.6,0.6,0.6,0.6,0.6,0.6,0.6,0.6,0.6,0.6,0.6,0.6,0.6,0.6,0.6,0.6,0.6,0.6,0.6,0.6,0.6,0.6,0.6,0.6,0.6,0.6,0.6,0.6,0.6,0.6,0.6,0.6,0.6,0.6,0.6,0.6,0.6,0.6,0.6,0.6,0.6,0.6,0.6,0.6,0.6,0.6,0.6,0.6,0.6,0.6,0.6,0.6,0.6,0.6,0.6,0.6,0.6,0.6,0.6,0.6,0.6,0.6,0.6,0.6,0.6,0.6,0.6,0.6,0.6,0.6,0.6,0.6,0.6,0.6,0.6,0.6,0.6,0.6,0.6,0.6,0.6,0.6,0.6,0.6,0.6,0.6,0.6,0.6,0.6,0.6,0.6,0.6
0.6,0.6,0.6,0.6,0.6,0.6,0.6,0.6,0.6,0.6,0.6,0.6,0.6,0.6,0.6,0.6,0.6,0.6,0.6,0.6,0.6,0.6,0.6,0.6,0.6,0.6,0.6,0.6,0.6,0.6,0.6,0.6,0.6,0.6,0.6,0.6,0.6,0.6,0.6,0.6,0.6,0.6,0.6,0.6,0.6,0.6,0.6,0.6,0.6,0.6,0.6,0.6,0.6,0.6,0.6,0.6,0.6,0.6,0.6,0.6,0.6,0.6,0.6,0.6,0.6,0.6,0.6,0.6,0.6,0.6,0.6,0.6,0.6,0.6,0.6,0.6,0.6,0.6,0.6,0.6,0.6,0.6,0.6,0.6,0.6,0.6,0.6,0.6,0.6,0.6,0.6,0.6,0.6,0.6,0.6,0.6,0.6,0.6,0.6,0.6,0.6,0.6,0.6,0.6,0.6,0.6,0.6,0.6,0.6,0.6,0.6,0.6,0.6,0.6,0.6,0.6,0.6,0.6,0.6,0.6
0.6,0.6,0.6,0.6,0.6,0.6,0.6,0.6,0.6,0.6,0.6,0.6,0.6,0.6,0.6,0.6,0.6,0.6,0.6,0.6,0.6,0.6,0.6,0.6,0.6,0.6,0.6,0.6,0.6,0.6,0.6,0.6,0.6,0.6,0.6,0.6,0.6,0.6,0.6,0.6,0.6,0.6,0.6,0.6,0.6,0.6,0.6,0.6,0.6,0.6,0.6,0.6,0.6,0.6,0.6,0.6,0.6,0.6,0.6,0.6,0.6,0.6,0.6,0.6,0.6,0.6,0.6,0.6,0.6,0.6,0.6,0.6,0.6,0.6,0.6,0.6,0.6,0.6,0.6,0.6,0.6,0.6,0.6,0.6,0.6,0.6,0.6,0.6,0.6,0.6,0.6,0.6,0.6,0.6,0.6,0.6,0.6,0.6,0.6,0.6,0.6,0.6,0.6,0.6,0.6,0.6,0.6,0.6,0.6,0.6,0.6,0.6,0.6,0.6,0.6,0.6,0.6,0.6,0.6,0.6
0.6,0.6,0.6,0.6,0.6,0.6,0.6,0.6,0.6,0.6,0.6,0.6,0.6,0.6,0.6,0.6,0.6,0.6,0.6,0.6,0.6,0.6,0.6,0.6,0.6,0.6,0.6,0.6,0.6,0.6,0.6,0.6,0.6,0.6,0.6,0.6,0.6,0.6,0.6,0.6,0.6,0.6,0.6,0.6,0.6,0.6,0.6,0.6,0.6,0.6,0.6,0.6,0.6,0.6,0.6,0.6,0.6,0.6,0.6,0.6,0.6,0.6,0.6,0.6,0.6,0.6,0.6,0.6,0.6,0.6,0.6,0.6,0.6,0.6,0.6,0.6,0.6,0.6,0.6,0.6,0.6,0.6,0.6,0.6,0.6,0.6,0.6,0.6,0.6,0.6,0.6,0.6,0.6,0.6,0.6,0.6,0.6,0.6,0.6,0.6,0.6,0.6,0.6,0.6,0.6,0.6,0.6,0.6,0.6,0.6,0.6,0.6,0.6,0.6,0.6,0.6,0.6,0.6,0.6,0.6
0.6,0.6,0.6,0.6,0.6,0.6,0.6,0.6,0.6,0.6,0.6,0.6,0.6,0.6,0.6,0.6,0.6,0.6,0.6,0.6,0.6,0.6,0.6,0.6,0.6,0.6,0.6,0.6,0.6,0.6,0.6,0.6,0.6,0.6,0.6,0.6,0.6,0.6,0.6,0.6,0.6,0.6,0.6,0.6,0.6,0.6,0.6,0.6,0.6,0.6,0.6,0.6,0.6,0.6,0.6,0.6,0.6,0.6,0.6,0.6,0.6,0.6,0.6,0.6,0.6,0.6,0.6,0.6,0.6,0.6,0.6,0.6,0.6,0.6,0.6,0.6,0.6,0.6,0.6,0.6,0.6,0.6,0.6,0.6,0.6,0.6,0.6,0.6,0.6,0.6,0.6,0.6,0.6,0.6,0.6,0.6,0.6,0.6,0.6,0.6,0.6,0.6,0.6,0.6,0.6,0.6,0.6,0.6,0.6,0.6,0.6,0.6,0.6,0.6,0.6,0.6,0.6,0.6,0.6,0.6
0.6,0.6,0.6,0.6,0.6,0.6,0.6,0.6,0.6,0.6,0.6,0.6,0.6,0.6,0.6,0.6,0.6,0.6,0.6,0.6,0.6,0.6,0.6,0.6,0.6,0.6,0.6,0.6,0.6,0.6,0.6,0.6,0.6,0.6,0.6,0.6,0.6,0.6,0.6,0.6,0.6,0.6,0.6,0.6,0.6,0.6,0.6,0.6,0.6,0.6,0.6,0.6,0.6,0.6,0.6,0.6,0.6,0.6,0.6,0.6,0.6,0.6,0.6,0.6,0.6,0.6,0.6,0.6,0.6,0.6,0.6,0.6,0.6,0.6,0.6,0.6,0.6,0.6,0.6,0.6,0.6,0.6,0.6,0.6,0.6,0.6,0.6,0.6,0.6,0.6,0.6,0.6,0.6,0.6,0.6,0.6,0.6,0.6,0.6,0.6,0.6,0.6,0.6,0.6,0.6,0.6,0.6,0.6,0.6,0.6,0.6,0.6,0.6,0.6,0.6,0.6,0.6,0.6,0.6,0.6
0.6,0.6,0.6,0.6,0.6,0.6,0.6,0.6,0.6,0.6,0.6,0.6,0.6,0.6,0.6,0.6,0.6,0.6,0.6,0.6,0.6,0.6,0.6,0.6,0.6,0.6,0.6,0.6,0.6,0.6,0.6,0.6,0.6,0.6,0.6,0.6,0.6,0.6,0.6,0.6,0.6,0.6,0.6,0.6,0.6,0.6,0.6,0.6,0.6,0.6,0.6,0.6,0.6,0.6,0.6,0.6,0.6,0.6,0.6,0.6,0.6,0.6,0.6,0.6,0.6,0.6,0.6,0.6,0.6,0.6,0.6,0.6,0.6,0.6,0.6,0.6,0.6,0.6,0.6,0.6,0.6,0.6,0.6,0.6,0.6,0.6,0.6,0.6,0.6,0.6,0.6,0.6,0.6,0.6,0.6,0.6,0.6,0.6,0.6,0.6,0.6,0.6,0.6,0.6,0.6,0.6,0.6,0.6,0.6,0.6,0.6,0.6,0.6,0.6,0.6,0.6,0.6,0.6,0.6,0.6
0.6,0.6,0.6,0.6,0.6,0.6,0.6,0.6,0.6,0.6,0.6,0.6,0.6,0.6,0.6,0.6,0.6,0.6,0.6,0.6,0.6,0.6,0.6,0.6,0.6,0.6,0.6,0.6,0.6,0.6,0.6,0.6,0.6,0.6,0.6,0.6,0.6,0.6,0.6,0.6,0.6,0.6,0.6,0.6,0.6,0.6,0.6,0.6,0.6,0.6,0.6,0.6,0.6,0.6,0.6,0.6,0.6,0.6,0.6,0.6,0.6,0.6,0.6,0.6,0.6,0.6,0.6,0.6,0.6,0.6,0.6,0.6,0.6,0.6,0.6,0.6,0.6,0.6,0.6,0.6,0.6,0.6,0.6,0.6,0.6,0.6,0.6,0.6,0.6,0.6,0.6,0.6,0.6,0.6,0.6,0.6,0.6,0.6,0.6,0.6,0.6,0.6,0.6,0.6,0.6,0.6,0.6,0.6,0.6,0.6,0.6,0.6,0.6,0.6,0.6,0.6,0.6,0.6,0.6,0.6
0.6,0.6,0.6,0.6,0.6,0.6,0.6,0.6,0.6,0.6,0.6,0.6,0.6,0.6,0.6,0.6,0.6,0.6,0.6,0.6,0.6,0.6,0.6,0.6,0.6,0.6,0.6,0.6,0.6,0.6,0.6,0.6,0.6,0.6,0.6,0.6,0.6,0.6,0.6,0.6,0.6,0.6,0.6,0.6,0.6,0.6,0.6,0.6,0.6,0.6,0.6,0.6,0.6,0.6,0.6,0.6,0.6,0.6,0.6,0.6,0.6,0.6,0.6,0.6,0.6,0.6,0.6,0.6,0.6,0.6,0.6,0.6,0.6,0.6,0.6,0.6,0.6,0.6,0.6,0.6,0.6,0.6,0.6,0.6,0.6,0.6,0.6,0.6,0.6,0.6,0.6,0.6,0.6,0.6,0.6,0.6,0.6,0.6,0.6,0.6,0.6,0.6,0.6,0.6,0.6,0.6,0.6,0.6,0.6,0.6,0.6,0.6,0.6,0.6,0.6,0.6,0.6,0.6,0.6,0.6
0.6,0.6,0.6,0.6,0.6,0.6,0.6,0.6,0.6,0.6,0.6,0.6,0.6,0.6,0.6,0.6,0.6,0.6,0.6,0.6,0.6,0.6,0.6,0.6,0.6,0.6,0.6,0.6,0.6,0.6,0.6,0.6,0.6,0.6,0.6,0.6,0.6,0.6,0.6,0.6,0.6,0.6,0.6,0.6,0.6,0.6,0.6,0.6,0.6,0.6,0.6,0.6,0.6,0.6,0.6,0.6,0.6,0.6,0.6,0.6,0.6,0.6,0.6,0.6,0.6,0.6,0.6,0.6,0.6,0.6,0.6,0.6,0.6,0.6,0.6,0.6,0.6,0.6,0.6,0.6,0.6,0.6,0.6,0.6,0.6,0.6,0.6,0.6,0.6,0.6,0.6,0.6,0.6,0.6,0.6,0.6,0.6,0.6,0.6,0.6,0.6,0.6,0.6,0.6,0.6,0.6,0.6,0.6,0.6,0.6,0.6,0.6,0.6,0.6,0.6,0.6,0.6,0.6,0.6,0.6
0.6,0.6,0.6,0.6,0.6,0.6,0.6,0.6,0.6,0.6,0.6,0.6,0.6,0.6,0.6,0.6,0.6,0.6,0.6,0.6,0.6,0.6,0.6,0.6,0.6,0.6,0.6,0.6,0.6,0.6,0.6,0.6,0.6,0.6,0.6,0.6,0.6,0.6,0.6,0.6,0.6,0.6,0.6,0.6,0.6,0.6,0.6,0.6,0.6,0.6,0.6,0.6,0.6,0.6,0.6,0.6,0.6,0.6,0.6,0.6,0.6,0.6,0.6,0.6,0.6,0.6,0.6,0.6,0.6,0.6,0.6,0.6,0.6,0.6,0.6,0.6,0.6,0.6,0.6,0.6,0.6,0.6,0.6,0.6,0.6,0.6,0.6,0.6,0.6,0.6,0.6,0.6,0.6,0.6,0.6,0.6,0.6,0.6,0.6,0.6,0.6,0.6,0.6,0.6,0.6,0.6,0.6,0.6,0.6,0.6,0.6,0.6,0.6,0.6,0.6,0.6,0.6,0.6,0.6,0.6
0.6,0.6,0.6,0.6,0.6,0.6,0.6,0.6,0.6,0.6,0.6,0.6,0.6,0.6,0.6,0.6,0.6,0.6,0.6,0.6,0.6,0.6,0.6,0.6,0.6,0.6,0.6,0.6,0.6,0.6,0.6,0.6,0.6,0.6,0.6,0.6,0.6,0.6,0.6,0.6,0.6,0.6,0.6,0.6,0.6,0.6,0.6,0.6,0.6,0.6,0.6,0.6,0.6,0.6,0.6,0.6,0.6,0.6,0.6,0.6,0.6,0.6,0.6,0.6,0.6,0.6,0.6,0.6,0.6,0.6,0.6,0.6,0.6,0.6,0.6,0.6,0.6,0.6,0.6,0.6,0.6,0.6,0.6,0.6,0.6,0.6,0.6,0.6,0.6,0.6,0.6,0.6,0.6,0.6,0.6,0.6,0.6,0.6,0.6,0.6,0.6,0.6,0.6,0.6,0.6,0.6,0.6,0.6,0.6,0.6,0.6,0.6,0.6,0.6,0.6,0.6,0.6,0.6,0.6,0.6
0.6,0.6,0.6,0.6,0.6,0.6,0.6,0.6,0.6,0.6,0.6,0.6,0.6,0.6,0.6,0.6,0.6,0.6,0.6,0.6,0.6,0.6,0.6,0.6,0.6,0.6,0.6,0.6,0.6,0.6,0.6,0.6,0.6,0.6,0.6,0.6,0.6,0.6,0.6,0.6,0.6,0.6,0.6,0.6,0.6,0.6,0.6,0.6,0.6,0.6,0.6,0.6,0.6,0.6,0.6,0.6,0.6,0.6,0.6,0.6,1.119709,1.119709,1.119709,1.119709,0.6,0.6,0.6,0.6,0.6,0.6,0.6,0.6,0.6,0.6,0.6,0.6,0.6,0.6,0.6,0.6,0.6,0.6,0.6,0.6,0.6,0.6,0.6,0.6,0.6,0.6,0.6,0.6,0.6,0.6,0.6,0.6,0.6,0.6,0.6,0.6,0.6,0.6,0.6,0.6,0.6,0.6,0.6,0.6,0.6,0.6,0.6,0.6,0.6,0.6,0.6,0.6,0.6,0.6,0.6,0.6
0.6,0.6,0.6,0.6,0.6,0.6,0.6,0.6,0.6,0.6,0.6,0.6,0.6,0.6,0.6,0.6,0.6,0.6,0.6,0.6,0.6,0.6,0.6,0.6,0.6,0.6,0.6,0.6,0.6,0.6,0.6,0.6,0.6,0.6,0.6,0.6,0.6,0.6,0.6,0.6,0.6,0.6,0.6,0.6,0.6,0.6,0.6,0.6,0.6,0.6,0.6,0.6,0.6,0.6,0.6,0.6,0.6,0.6,0.6,0.6,1.119709,1.119709,1.119709,1.119709,0.6,0.6,0.6,0.6,0.6,0.6,0.6,0.6,0.6,0.6,0.6,0.6,0.6,0.6,0.6,0.6,0.6,0.6,0.6,0.6,0.6,0.6,0.6,0.6,0.6,0.6,0.6,0.6,0.6,0.6,0.6,0.6,0.6,0.6,0.6,0.6,0.6,0.6,0.6,0.6,0.6,0.6,0.6,0.6,0.6,0.6,0.6,0.6,0.6,0.6,0.6,0.6,0.6,0.6,0.6,0.6
0.6,0.6,0.6,0.6,0.6,0.6,0.6,0.6,0.6,0.6,0.6,0.6,0.6,0.6,0.6,0.6,0.6,0.6,0.6,0.6,0.6,0.6,0.6,0.6,0.6,0.6,0.6,0.6,0.6,0.6,0.6,0.6,0.6,0.6,0.6,0.6,0.6,0.6,0.6,0.6,0.6,0.6,0.6,0.6,0.6,0.6,0.6,0.6,0.6,0.6,0.6,0.6,0.6,0.6,0.6,0.6,0.6,0.6,0.6,0.6,1.119709,1.119709,1.119709,1.119709,0.6,0.6,0.6,0.6,0.6,0.6,0.6,0.6,0.6,0.6,0.6,0.6,0.6,0.6,0.6,0.6,0.6,0.6,0.6,0.6,0.6,0.6,0.6,0.6,0.6,0.6,0.6,0.6,0.6,0.6,0.6,0.6,0.6,0.6,0.6,0.6,0.6,0.6,0.6,0.6,0.6,0.6,0.6,0.6,0.6,0.6,0.6,0.6,0.6,0.6,0.6,0.6,0.6,0.6,0.6,0.6
0.6,0.6,0.6,0.6,0.6,0.6,0.6,0.6,0.6,0.6,0.6,0.6,0.6,0.6,0.6,0.6,0.6,0.6,0.6,0.6,0.6,0.6,0.6,0.6,0.6,0.6,0.6,0.6,0.6,0.6,0.6,0.6,0.6,0.6,0.6,0.6,0.6,0.6,0.6,0.6,0.6,0.6,0.6,0.6,0.6,0.6,0.6,0.6,0.6,0.6,0.6,0.6,0.6,0.6,0.6,0.6,0.6,0.6,0.6,0.6,1.119709,1.119709,1.119709,1.119709,0.6,0.6,0.6,0.6,0.6,0.6,0.6,0.6,0.6,0.6,0.6,0.6,0.6,0.6,0.6,0.6,0.6,0.6,0.6,0.6,0.6,0.6,0.6,0.6,0.6,0.6,0.6,0.6,0.6,0.6,0.6,0.6,0.6,0.6,0.6,0.6,0.6,0.6,0.6,0.6,0.6,0.6,0.6,0.6,0.6,0.6,0.6,0.6,0.6,0.6,0.6,0.6,0.6,0.6,0.6,0.6
0.6,0.6,0.6,0.6,0.6,0.6,0.6,0.6,0.6,0.6,0.6,0.6,0.6,0.6,0.6,0.6,0.6,0.6,0.6,0.6,0.6,0.6,0.6,0.6,0.6,0.6,0.6,0.6,0.6,0.6,0.6,0.6,0.6,0.6,0.6,0.6,0.6,0.6,0.6,0.6,0.6,0.6,0.6,0.6,0.6,0.6,0.6,0.6,0.6,0.6,0.6,0.6,0.6,0.6,0.6,0.6,0.6,0.6,0.6,0.6,1.3760391,1.3760391,1.3760391,1.3760391,0.6,0.6,0.6,0.6,0.6,0.6,0.6,0.6,0.6,0.6,0.6,0.6,0.6,0.6,0.6,0.6,0.6,0.6,0.6,0.6,0.6,0.6,0.6,0.6,0.6,0.6,0.6,0.6,0.6,0.6,0.6,0.6,0.6,0.6,0.6,0.6,0.6,0.6,0.6,0.6,0.6,0.6,0.6,0.6,0.6,0.6,0.6,0.6,0.6,0.6,0.6,0.6,0.6,0.6,0.6,0.6
0.6,0.6,0.6,0.6,0.6,0.6,0.6,0.6,0.6,0.6,0.6,0.6,0.6,0.6,0.6,0.6,0.6,0.6,0.6,0.6,0.6,0.6,0.6,0.6,0.6,0.6,0.6,0.6,0.6,0.6,0.6,0.6,0.6,0.6,0.6,0.6,0.6,0.6,0.6,0.6,0.6,0.6,0.6,0.6,0.6,0.6,0.6,0.6,0.6,0.6,0.6,0.6,0.6,0.6,0.6,0.6,0.6,0.6,0.6,0.6,1.3760391,1.3760391,1.3760391,1.3760391,0.6,0.6,0.6,0.6,0.6,0.6,0.6,0.6,0.6,0.6,0.6,0.6,0.6,0.6,0.6,0.6,0.6,0.6,0.6,0.6,0.6,0.6,0.6,0.6,0.6,0.6,0.6,0.6,0.6,0.6,0.6,0.6,0.6,0.6,0.6,0.6,0.6,0.6,0.6,0.6,0.6,0.6,0.6,0.6,0.6,0.6,0.6,0.6,0.6,0.6,0.6,0.6,0.6,0.6,0.6,0.6
0.6,0.6,0.6,0.6,0.6,0.6,0.6,0.6,0.6,0.6,0.6,0.6,0.6,0.6,0.6,0.6,0.6,0.6,0.6,0.6,0.6,0.6,0.6,0.6,0.6,0.6,0.6,0.6,0.6,0.6,0.6,0.6,0.6,0.6,0.6,0.6,0.6,0.6,0.6,0.6,0.6,0.6,0.6,0.6,0.6,0.6,0.6,0.6,0.6,0.6,0.6,0.6,0.6,0.6,0.6,0.6,0.6,0.6,0.6,0.6,1.3760391,1.3760391,1.3760391,1.3760391,0.6,0.6,0.6,0.6,0.6,0.6,0.6,0.6,0.6,0.6,0.6,0.6,0.6,0.6,0.6,0.6,0.6,0.6,0.6,0.6,0.6,0.6,0.6,0.6,0.6,0.6,0.6,0.6,0.6,0.6,0.6,0.6,0.6,0.6,0.6,0.6,0.6,0.6,0.6,0.6,0.6,0.6,0.6,0.6,0.6,0.6,0.6,0.6,0.6,0.6,0.6,0.6,0.6,0.6,0.6,0.6
0.6,0.6,0.6,0.6,0.6,0.6,0.6,0.6,0.6,0.6,0.6,0.6,0.6,0.6,0.6,0.6,0.6,0.6,0.6,0.6,0.6,0.6,0.6,0.6,0.6,0.6,0.6,0.6,0.6,0.6,0.6,0.6,0.6,0.6,0.6,0.6,0.6,0.6,0.6,0.6,0.6,0.6,0.6,0.6,0.6,0.6,0.6,0.6,0.6,0.6,0.6,0.6,0.6,0.6,0.6,0.6,0.6,0.6,0.6,0.6,1.3760391,1.3760391,1.3760391,1.3760391,0.6,0.6,0.6,0.6,0.6,0.6,0.6,0.6,0.6,0.6,0.6,0.6,0.6,0.6,0.6,0.6,0.6,0.6,0.6,0.6,0.6,0.6,0.6,0.6,0.6,0.6,0.6,0.6,0.6,0.6,0.6,0.6,0.6,0.6,0.6,0.6,0.6,0.6,0.6,0.6,0.6,0.6,0.6,0.6,0.6,0.6,0.6,0.6,0.6,0.6,0.6,0.6,0.6,0.6,0.6,0.6
0.6,0.6,0.6,0.6,0.6,0.6,0.6,0.6,0.608657,0.608657,0.608657,0.608657,0.8438325,0.8438325,0.8438325,0.8438325,0.6,0.6,0.6,0.6,0.6,0.6,0.6,0.6,0.6,0.6,0.6,0.6,0.6,0.6,0.6,0.6,0.6,0.6,0.6,0.6,0.6,0.6,0.6,0.6,1.0947742,1.0947742,1.0947742,1.0947742,0.6,0.6,0.6,0.6,1.1639909,1.1639909,1.1639909,1.1639909,0.85724604,0.85724604,0.85724604,0.85724604,0.6,0.6,0.6,0.6,1.6347167,1.6347167,1.6347167,1.6347167,0.8053378,0.8053378,0.8053378,0.8053378,0.656647,0.656647,0.656647,0.656647,0.6,0.6,0.6,0.6,0.6,0.6,0.6,0.6,0.6,0.6,0.6,0.6,0.6,0.6,0.6,0.6,0.6,0.6,0.6,0.6,0.6,0.6,0.6,0.6,0.6,0.6,0.6,0.6,0.6,0.6,0.6,0.6,0.6,0.6,0.6,0.6,0.6,0.6,0.6,0.6,0.6,0.6,0.6,0.6,0.6,0.6,0.6,0.6
0.6,0.6,0.6,0.6,0.6,0.6,0.6,0.6,0.608657,0.608657,0.608657,0.608657,0.8438325,0.8438325,0.8438325,0.8438325,0.6,0.6,0.6,0.6,0.6,0.6,0.6,0.6,0.6,0.6,0.6,0.6,0.6,0.6,0.6,0.6,0.6,0.6,0.6,0.6,0.6,0.6,0.6,0.6,1.0947742,1.0947742,1.0947742,1.0947742,0.6,0.6,0.6,0.6,1.1639909,1.1639909,1.1639909,1.1639909,0.85724604,0.85724604,0.85724604,0.85724604,0.6,0.6,0.6,0.6,1.6347167,1.6347167,1.6347167,1.6347167,0.8053378,0.8053378,0.8053378,0.8053378,0.656647,0.656647,0.656647,0.656647,0.6,0.6,0.6,0.6,0.6,0.6,0.6,0.6,0.6,0.6,0.6,0.6,0.6,0.6,0.6,0.6,0.6,0.6,0.6,0.6,0.6,0.6,0.6,0.6,0.6,0.6,0.6,0.6,0.6,0.6,0.6,0.6,0.6,0.6,0.6,0.6,0.6,0.6,0.6,0.6,0.6,0.6,0.6,0.6,0.6,0.6,0.6,0.6
0.6,0.6,0.6,0.6,0.6,0.6,0.6,0.6,0.608657,0.608657,0.608657,0.608657,0.8438325,0.8438325,0.8438325,0.8438325,0.6,0.6,0.6,0.6,0.6,0.6,0.6,0.6,0.6,0.6,0.6,0.6,0.6,0.6,0.6,0.6,0.6,0.6,0.6,0.6,0.6,0.6,0.6,0.6,1.0947742,1.0947742,1.0947742,1.0947742,0.6,0.6,0.6,0.6,1.1639909,1.1639909,1.1639909,1.1639909,0.85724604,0.85724604,0.85724604,0.85724604,0.6,0.6,0.6,0.6,1.6347167,1.6347167,1.6347167,1.6347167,0.8053378,0.8053378,0.8053378,0.8053378,0.656647,0.656647,0.656647,0.656647,0.6,0.6,0.6,0.6,0.6,0.6,0.6,0.6,0.6,0.6,0.6,0.6,0.6,0.6,0.6,0.6,0.6,0.6,0.6,0.6,0.6,0.6,0.6,0.6,0.6,0.6,0.6,0.6,0.6,0.6,0.6,0.6,0.6,0.6,0.6,0.6,0.6,0.6,0.6,0.6,0.6,0.6,0.6,0.6,0.6,0.6,0.6,0.6
0.6,0.6,0.6,0.6,0.6,0.6,0.6,0.6,0.608657,0.608657,0.608657,0.608657,0.8438325,0.8438325,0.8438325,0.8438325,0.6,0.6,0.6,0.6,0.6,0.6,0.6,0.6,0.6,0.6,0.6,0.6,0.6,0.6,0.6,0.6,0.6,0.6,0.6,0.6,0.6,0.6,0.6,0.6,1.0947742,1.0947742,1.0947742,1.0947742,0.6,0.6,0.6,0.6,1.1639909,1.1639909,1.1639909,1.1639909,0.85724604,0.85724604,0.85724604,0.85724604,0.6,0.6,0.6,0.6,1.6347167,1.6347167,1.6347167,1.6347167,0.8053378,0.8053378,0.8053378,0.8053378,0.656647,0.656647,0.656647,0.656647,0.6,0.6,0.6,0.6,0.6,0.6,0.6,0.6,0.6,0.6,0.6,0.6,0.6,0.6,0.6,0.6,0.6,0.6,0.6,0.6,0.6,0.6,0.6,0.6,0.6,0.6,0.6,0.6,0.6,0.6,0.6,0.6,0.6,0.6,0.6,0.6,0.6,0.6,0.6,0.6,0.6,0.6,0.6,0.6,0.6,0.6,0.6,0.6
1.3880569,1.3880569,1.3880569,1.3880569,1.5226057,1.5226057,1.5226057,1.5226057,1.4468334,1.4468334,1.4468334,1.4468334,1.3199291,1.3199291,1.3199291,1.3199291,1.7681354,1.7681354,1.7681354,1.7681354,1.8134388,1.8134388,1.8134388,1.8134388,1.9038963,1.9038963,1.9038963,1.9038963,1.490376,1.490376,1.490376,1.490376,1.702998,1.702998,1.702998,1.702998,2.0519502,2.0519502,2.0519502,2.0519502,1.4521651,1.4521651,1.4521651,1.4521651,1.3758023,1.3758023,1.3758023,1.3758023,2.0356197,2.0356197,2.0356197,2.0356197,2.2175121,2.2175121,2.2175121,2.2175121,1.7383538,1.7383538,1.7383538,1.7383538,2.8466198,2.8466198,2.8466198,2.8466198,2.657962,2.657962,2.657962,2.657962,2.0838723,2.0838723,2.0838723,2.0838723,1.6426917,1.6426917,1.6426917,1.6426917,1.3505977,1.3505977,1.3505977,1.3505977,1.3692158,1.3692158,1.3692158,1.3692158,1.372678,1.372678,1.372678,1.372678,1.3138187,1.3138187,1.3138187,1.3138187,1.3567607,1.3567607,1.3567607,1.3567607,1.024454,1.024454,1.024454,1.024454,1.1771975,1.1771975,1.1771975,1.1771975,1.0807551,1.0807551,1.0807551,1.0807551,1.0478756,1.0478756,1.0478756,1.0478756,0.8901314,0.8901314,0.8901314,0.8901314,0.8532522,0.8532522,0.8532522,0.8532522
1.3880569,1.3880569,1.3880569,1.3880569,1.5226057,1.5226057,1.5226057,1.5226057,1.4468334,1.4468334,1.4468334,1.4468334,1.3199291,1.3199291,1.3199291,1.3199291,1.7681354,1.7681354,1.7681354,1.7681354,1.8134388,1.8134388,1.8134388,1.8134388,1.9038963,1.9038963,1.9038963,1.9038963,1.490376,1.490376,1.490376,1.490376,1.702998,1.702998,1.702998,1.702998,2.0519502,2.0519502,2.0519502,2.0519502,1.4521651,1.4521651,1.4521651,1.4521651,1.3758023,1.3758023,1.3758023,1.3758023,2.0356197,2.0356197,2.0356197,2.0356197,2.2175121,2.2175121,2.2175121,2.2175121,1.7383538,1.7383538,1.7383538,1.7383538,2.8466198,2.8466198,2.8466198,2.8466198,2.657962,2.657962,2.657962,2.657962,2.0838723,2.0838723,2.0838723,2.0838723,1.6426917,1.6426917,1.6426917,1.6426917,1.3505977,1.3505977,1.3505977,1.3505977,1.3692158,1.3692158,1.3692158,1.3692158,1.372678,1.372678,1.372678,1.372678,1.3138187,1.3138187,1.3138187,1.3138187,1.3567607,1.3567607,1.3567607,1.3567607,1.024454,1.024454,1.024454,1.024454,1.1771975,1.1771975,1.1771975,1.1771975,1.0807551,1.0807551,1.0807551,1.0807551,1.0478756,1.0478756,1.0478756,1.0478756,0.8901314,0.8901314,0.8901314,0.8901314,0.8532522,0.8532522,0.8532522,0.8532522
1.3880569,1.3880569,1.3880569,1.3880569,1.5226057,1.5226057,1.5226057,1.5226057,1.4468334,1.4468334,1.4468334,1.4468334,1.3199291,1.3199291,1.3199291,1.3199291,1.7681354,1.7681354,1.7681354,1.7681354,1.8134388,1.8134388,1.8134388,1.8134388,1.9038963,1.9038963,1.9038963,1.9038963,1.490376,1.490376,1.490376,1.490376,1.702998,1.702998,1.702998,1.702998,2.0519502,2.0519502,2.0519502,2.0519502,1.4521651,1.4521651,1.4521651,1.4521651,1.3758023,1.3758023,1.3758023,1.3758023,2.0356197,2.0356197,2.0356197,2.0356197,2.2175121,2.2175121,2.2175121,2.2175121,1.7383538,1.7383538,1.7383538,1.7383538,2.8466198,2.8466198,2.8466198,2.8466198,2.657962,2.657962,2.657962,2.657962,2.0838723,2.0838723,2.0838723,2.0838723,1.6426917,1.6426917,1.6426917,1.6426917,1.3505977,1.3505977,1.3505977,1.3505977,1.3692158,1.3692158,1.3692158,1.3692158,1.372678,1.372678,1.372678,1.372678,1.3138187,1.3138187,1.3138187,1.3138187,1.3567607,1.3567607,1.3567607,1.3567607,1.024454,1.024454,1.024454,1.024454,1.1771975,1.1771975,1.1771975,1.1771975,1.0807551,1.0807551,1.0807551,1.0807551,1.0478756,1.0478756,1.0478756,1.0478756,0.8901314,0.8901314,0.8901314,0.8901314,0.8532522,0.8532522,0.8532522,0.8532522
1.3880569,1.3880569,1.3880569,1.3880569,1.5226057,1.5226057,1.5226057,1.5226057,1.4468334,1.4468334,1.4468334,1.4468334,1.3199291,1.3199291,1.3199291,1.3199291,1.7681354,1.7681354,1.7681354,1.7681354,1.8134388,1.8134388,1.8134388,1.8134388,1.9038963,1.9038963,1.9038963,1.9038963,1.490376,1.490376,1.490376,1.490376,1.702998,1.702998,1.702998,1.702998,2.0519502,2.0519502,2.0519502,2.0519502,1.4521651,1.4521651,1.4521651,1.4521651,1.3758023,1.3758023,1.3758023,1.3758023,2.0356197,2.0356197,2.0356197,2.0356197,2.2175121,2.2175121,2.2175121,2.2175121,1.7383538,1.7383538,1.7383538,1.7383538,2.8466198,2.8466198,2.8466198,2.8466198,2.657962,2.657962,2.657962,2.657962,2.0838723,2.0838723,2.0838723,2.0838723,1.6426917,1.6426917,1.6426917,1.6426917,1.3505977,1.3505977,1.3505977,1.3505977,1.3692158,1.3692158,1.3692158,1.3692158,1.372678,1.372678,1.372678,1.372678,1.3138187,1.3138187,1.3138187,1.3138187,1.3567607,1.3567607,1.3567607,1.3567607,1.024454,1.024454,1.024454,1.024454,1.1771975,1.1771975,1.1771975,1.1771975,1.0807551,1.0807551,1.0807551,1.0807551,1.0478756,1.0478756,1.0478756,1.0478756,0.8901314,0.8901314,0.8901314,0.8901314,0.8532522,0.8532522,0.8532522,0.8532522
1.501654,1.501654,1.501654,1.501654,1.6551507,1.6551507,1.6551507,1.6551507,1.5798588,1.5798588,1.5798588,1.5798588,1.4778502,1.4778502,1.4778502,1.4778502,1.8195888,1.8195888,1.8195888,1.8195888,1.9266613,1.9266613,1.9266613,1.9266613,2.203756,2.203756,2.203756,2.203756,2.3467743,2.3467743,2.3467743,2.3467743,2.6580925,2.6580925,2.6580925,2.6580925,2.2637463,2.2637463,2.2637463,2.2637463,2.382317,2.382317,2.382317,2.382317,2.9076655,2.9076655,2.9076655,2.9076655,2.361745,2.361745,2.361745,2.361745,2.551265,2.551265,2.551265,2.551265,2.5572734,2.5572734,2.5572734,2.5572734,2.9822974,2.9822974,2.9822974,2.9822974,3.0,3.0,3.0,3.0,2.6603346,2.6603346,2.6603346,2.6603346,2.2212014,2.2212014,2.2212014,2.2212014,2.097141,2.097141,2.097141,2.097141,2.0525696,2.0525696,2.0525696,2.0525696,2.2355704,2.2355704,2.2355704,2.2355704,2.0825193,2.0825193,2.0825193,2.0825193,2.117083,2.117083,2.117083,2.117083,2.0867817,2.0867817,2.0867817,2.0867817,1.8134208,1.8134208,1.8134208,1.8134208,1.6329474,1.6329474,1.6329474,1.6329474,1.6306031,1.6306031,1.6306031,1.6306031,1.7745647,1.7745647,1.7745647,1.7745647,1.9878503,1.9878503,1.9878503,1.9878503
1.501654,1.501654,1.501654,1.501654,1.6551507,1.6551507,1.6551507,1.6551507,1.5798588,1.5798588,1.5798588,1.5798588,1.4778502,1.4778502,1.4778502,1.4778502,1.8195888,1.8195888,1.8195888,1.8195888,1.9266613,1.9266613,1.9266613,1.9266613,2.203756,2.203756,2.203756,2.203756,2.3467743,2.3467743,2.3467743,2.3467743,2.6580925,2.6580925,2.6580925,2.6580925,2.2637463,2.2637463,2.2637463,2.2637463,2.382317,2.382317,2.382317,2.382317,2.9076655,2.9076655,2.9076655,2.9076655,2.361745,2.361745,2.361745,2.361745,2.551265,2.551265,2.551265,2.551265,2.5572734,2.5572734,2.5572734,2.5572734,2.9822974,2.9822974,2.9822974,2.9822974,3.0,3.0,3.0,3.0,2.6603346,2.6603346,2.6603346,2.6603346,2.2212014,2.2212014,2.2212014,2.2212014,2.097141,2.097141,2.097141,2.097141,2.0525696,2.0525696,2.0525696,2.0525696,2.2355704,2.2355704,2.2355704,2.2355704,2.0825193,2.0825193,2.0825193,2.0825193,2.117083,2.117083,2.117083,2.117083,2.0867817,2.0867817,2.0867817,2.0867817,1.8134208,1.8134208,1.8134208,1.8134208,1.6329474,1.6329474,1.6329474,1.6329474,1.6306031,1.6306031,1.6306031,1.6306031,1.7745647,1.7745647,1.7745647,1.7745647,1.9878503,1.9878503,1.9878503,1.9878503
1.501654,1.501654,1.501654,1.501654,1.6551507,1.6551507,1.6551507,1.6551507,1.5798588,1.5798588,1.5798588,1.5798588,1.4778502,1.4778502,1.4778502,1.4778502,1.8195888,1.8195888,1.8195888,1.8195888,1.9266613,1.9266613,1.9266613,1.9266613,2.203756,2.203756,2.203756,2.203756,2.3467743,2.3467743,2.3467743,2.3467743,2.6580925,2.6580925,2.6580925,2.6580925,2.2637463,2.2637463,2.2637463,2.2637463,2.382317,2.382317,2.382317,2.382317,2.9076655,2.9076655,2.9076655,2.9076655,2.361745,2.361745,2.361745,2.361745,2.551265,2.551265,2.551265,2.551265,2.5572734,2.5572734,2.5572734,2.5572734,2.9822974,2.9822974,2.9822974,2.9822974,3.0,3.0,3.0,3.0,2.6603346,2.6603346,2.6603346,2.6603346,2.2212014,2.2212014,2.2212014,2.2212014,2.097141,2.097141,2.097141,2.097141,2.0525696,2.0525696,2.0525696,2.0525696,2.2355704,2.2355704,2.2355704,2.2355704,2.0825193,2.0825193,2.0825193,2.0825193,2.117083,2.117083,2.117083,2.117083,2.0867817,2.0867817,2.0867817,2.0867817,1.8134208,1.8134208,1.8134208,1.8134208,1.6329474,1.6329474,1.6329474,1.6329474,1.6306031,1.6306031,1.6306031,1.6306031,1.7745647,1.7745647,1.7745647,1.7745647,1.9878503,1.9878503,1.9878503,1.9878503
1.501654,1.501654,1.501654,1.501654,1.6551507,1.6551507,1.6551507,1.6551507,1.5798588,1.5798588,1.5798588,1.5798588,1.4778502,1.4778502,1.4778502,1.4778502,1.8195888,1.8195888,1.8195888,1.8195888,1.9266613,1.9266613,1.9266613,1.9266613,2.203756,2.203756,2.203756,2.203756,2.3467743,2.3467743,2.3467743,2.3467743,2.6580925,2.6580925,2.6580925,2.6580925,2.2637463,2.2637463,2.2637463,2.2637463,2.382317,2.382317,2.382317,2.382317,2.9076655,2.9076655,2.9076655,2.9076655,2.361745,2.361745,2.361745,2.361745,2.551265,2.551265,2.551265,2.551265,2.5572734,2.5572734,2.5572734,2.5572734,2.9822974,2.9822974,2.9822974,2.9822974,3.0,3.0,3.0,3.0,2.6603346,2.6603346,2.6603346,2.6603346,2.2212014,2.2212014,2.2212014,2.2212014,2.097141,2.097141,2.097141,2.097141,2.0525696,2.0525696,2.0525696,2.0525696,2.2355704,2.2355704,2.2355704,2.2355704,2.0825193,2.0825193,2.0825193,2.0825193,2.117083,2.117083,2.117083,2.117083,2.0867817,2.0867817,2.0867817,2.0867817,1.8134208,1.8134208,1.8134208,1.8134208,1.6329474,1.6329474,1.6329474,1.6329474,1.6306031,1.6306031,1.6306031,1.6306031,1.7745647,1.7745647,1.7745647,1.7745647,1.9878503,1.9878503,1.9878503,1.9878503
1.8690633,1.8690633,1.8690633,1.8690633,1.6192046,1.6192046,1.6192046,1.6192046,1.6359488,1.6359488,1.6359488,1.6359488,2.022754,2.022754,2.022754,2.022754,2.1500595,2.1500595,2.1500595,2.1500595,2.2922509,2.2922509,2.2922509,2.2922509,2.3971663,2.3971663,2.3971663,2.3971663,2.411881,2.411881,2.411881,2.411881,2.0417647,2.0417647,2.0417647,2.0417647,2.4243467,2.4243467,2.4243467,2.4243467,2.5813484,2.5813484,2.5813484,2.5813484,2.1072302,2.1072302,2.1072302,2.1072302,2.6824658,2.6824658,2.6824658,2.6824658,2.5895422,2.5895422,2.5895422,2.5895422,2.8110206,2.8110206,2.8110206,2.8110206,2.889237,2.889237,2.889237,2.889237,2.7456546,2.7456546,2.7456546,2.7456546,3.0,3.0,3.0,3.0,3.0,3.0,3.0,3.0,2.9624054,2.9624054,2.9624054,2.9624054,3.0,3.0,3.0,3.0,2.4025285,2.4025285,2.4025285,2.4025285,2.3708444,2.3708444,2.3708444,2.3708444,2.5298002,2.5298002,2.5298002,2.5298002,2.365179,2.365179,2.365179,2.365179,2.3917005,2.3917005,2.3917005,2.3917005,2.2737467,2.2737467,2.2737467,2.2737467,2.1305807,2.1305807,2.1305807,2.1305807,2.131303,2.131303,2.131303,2.131303,1.8303378,1.8303378,1.8303378,1.8303378
1.8690633,1.8690633,1.8690633,1.8690633,1.6192046,1.6192046,1.6192046,1.6192046,1.6359488,1.6359488,1.6359488,1.6359488,2.022754,2.022754,2.022754,2.022754,2.1500595,2.1500595,2.1500595,2.1500595,2.2922509,2.2922509,2.2922509,2.2922509,2.3971663,2.3971663,2.3971663,2.3971663,2.411881,2.411881,2.411881,2.411881,2.0417647,2.0417647,2.0417647,2.0417647,2.4243467,2.4243467,2.4243467,2.4243467,2.5813484,2.5813484,2.5813484,2.5813484,2.1072302,2.1072302,2.1072302,2.1072302,2.6824658,2.6824658,2.6824658,2.6824658,2.5895422,2.5895422,2.5895422,2.5895422,2.8110206,2.8110206,2.8110206,2.8110206,2.889237,2.889237,2.889237,2.889237,2.7456546,2.7456546,2.7456546,2.7456546,3.0,3.0,3.0,3.0,3.0,3.0,3.0,3.0,2.9624054,2.9624054,2.9624054,2.9624054,3.0,3.0,3.0,3.0,2.4025285,2.4025285,2.4025285,2.4025285,2.3708444,2.3708444,2.3708444,2.3708444,2.5298002,2.5298002,2.5298002,2.5298002,2.365179,2.365179,2.365179,2.365179,2.3917005,2.3917005,2.3917005,2.3917005,2.2737467,2.2737467,2.2737467,2.2737467,2.1305807,2.1305807,2.1305807,2.1305807,2.131303,2.131303,2.131303,2.131303,1.8303378,1.8303378,1.8303378,1.8303378
1.8690633,1.8690633,1.8690633,1.8690633,1.6192046,1.6192046,1.6192046,1.6192046,1.6359488,1.6359488,1.6359488,1.6359488,2.022754,2.022754,2.022754,2.022754,2.1500595,2.1500595,2.1500595,2.1500595,2.2922509,2.2922509,2.2922509,2.2922509,2.3971663,2.3971663,2.3971663,2.3971663,2.411881,2.411881,2.411881,2.411881,2.0417647,2.0417647,2.0417647,2.0417647,2.4243467,2.4243467,2.4243467,2.4243467,2.5813484,2.5813484,2.5813484,2.5813484,2.1072302,2.1072302,2.1072302,2.1072302,2.6824658,2.6824658,2.6824658,2.6824658,2.5895422,2.5895422,2.5895422,2.5895422,2.8110206,2.8110206,2.8110206,2.8110206,2.889237,2.889237,2.889237,2.889237,2.7456546,2.7456546,2.7456546,2.7456546,3.0,3.0,3.0,3.0,3.0,3.0,3.0,3.0,2.9624054,2.9624054,2.9624054,2.9624054,3.0,3.0,3.0,3.0,2.4025285,2.4025285,2.4025285,2.4025285,2.3708444,2.3708444,2.3708444,2.3708444,2.5298002,2.5298002,2.5298002,2.5298002,2.365179,2.365179,2.365179,2.365179,2.3917005,2.3917005,2.3917005,2.3917005,2.2737467,2.2737467,2.2737467,2.2737467,2.1305807,2.1305807,2.1305807,2.1305807,2.131303,2.131303,2.131303,2.131303,1.8303378,1.8303378,1.8303378,1.8303378
1.8690633,1.8690633,1.8690633,1.8690633,1.6192046,1.6192046,1.6192046,1.6192046,1.6359488,1.6359488,1.6359488,1.6359488,2.022754,2.022754,2.022754,2.022754,2.1500595,2.1500595,2.1500595,2.1500595,2.2922509,2.2922509,2.2922509,2.2922509,2.3971663,2.3971663,2.3971663,2.3971663,2.411881,2.411881,2.411881,2.411881,2.0417647,2.0417647,2.0417647,2.0417647,2.4243467,2.4243467,2.4243467,2.4243467,2.5813484,2.5813484,2.5813484,2.5813484,2.1072302,2.1072302,2.1072302,2.1072302,2.6824658,2.6824658,2.6824658,2.6824658,2.5895422,2.5895422,2.5895422,2.5895422,2.8110206,2.8110206,2.8110206,2.8110206,2.889237,2.889237,2.889237,2.889237,2.7456546,2.7456546,2.7456546,2.7456546,3.0,3.0,3.0,3.0,3.0,3.0,3.0,3.0,2.9624054,2.9624054,2.9624054,2.9624054,3.0,3.0,3.0,3.0,2.4025285,2.4025285,2.4025285,2.4025285,2.3708444,2.3708444,2.3708444,2.3708444,2.5298002,2.5298002,2.5298002,2.5298002,2.365179,2.365179,2.365179,2.365179,2.3917005,2.3917005,2.3917005,2.3917005,2.2737467,2.2737467,2.2737467,2.2737467,2.1305807,2.1305807,2.1305807,2.1305807,2.131303,2.131303,2.131303,2.131303,1.8303378,1.8303378,1.8303378,1.8303378
1.341238,1.341238,1.341238,1.341238,1.5602548,1.5602548,1.5602548,1.5602548,1.52695,1.52695,1.52695,1.52695,1.7381334,1.7381334,1.7381334,1.7381334,2.2970686,2.2970686,2.2970686,2.2970686,2.297455,2.297455,2.297455,2.297455,2.2638023,2.2638023,2.2638023,2.2638023,2.1146104,2.1146104,2.1146104,2.1146104,1.9262708,1.9262708,1.9262708,1.9262708,2.4028676,2.4028676,2.4028676,2.4028676,2.4756672,2.4756672,2.4756672,2.4756672,1.8495578,1.8495578,1.8495578,1.8495578,2.0156415,2.0156415,2.0156415,2.0156415,1.9323205,1.9323205,1.9323205,1.9323205,2.5997143,2.5997143,2.5997143,2.5997143,3.0,3.0,3.0,3.0,2.945014,2.945014,2.945014,2.945014,2.053713,2.053713,2.053713,2.053713,2.5461304,2.5461304,2.5461304,2.5461304,2.8362331,2.8362331,2.8362331,2.8362331,2.774653,2.774653,2.774653,2.774653,2.1958807,2.1958807,2.1958807,2.1958807,2.0872414,2.0872414,2.0872414,2.0872414,1.4971634,1.4971634,1.4971634,1.4971634,2.085047,2.085047,2.085047,2.085047,2.3964105,2.3964105,2.3964105,2.3964105,2.05186,2.05186,2.05186,2.05186,1.8847935,1.8847935,1.8847935,1.8847935,1.7741975,1.7741975,1.7741975,1.7741975,1.8994893,1.8994893,1.8994893,1.8994893
1.341238,1.341238,1.341238,1.341238,1.5602548,1.5602548,1.5602548,1.5602548,1.52695,1.52695,1.52695,1.52695,1.7381334,1.7381334,1.7381334,1.7381334,2.2970686,2.2970686,2.2970686,2.2970686,2.297455,2.297455,2.297455,2.297455,2.2638023,2.2638023,2.2638023,2.2638023,2.1146104,2.1146104,2.1146104,2.1146104,1.9262708,1.9262708,1.9262708,1.9262708,2.4028676,2.4028676,2.4028676,2.4028676,2.4756672,2.4756672,2.4756672,2.4756672,1.8495578,1.8495578,1.8495578,1.8495578,2.0156415,2.0156415,2.0156415,2.0156415,1.9323205,1.9323205,1.9323205,1.9323205,2.5997143,2.5997143,2.5997143,2.5997143,3.0,3.0,3.0,3.0,2.945014,2.945014,2.945014,2.945014,2.053713,2.053713,2.053713,2.053713,2.5461304,2.5461304,2.5461304,2.5461304,2.8362331,2.8362331,2.8362331,2.8362331,2.774653,2.774653,2.774653,2.774653,2.1958807,2.1958807,2.1958807,2.1958807,2.0872414,2.0872414,2.0872414,2.0872414,1.4971634,1.4971634,1.4971634,1.4971634,2.085047,2.085047,2.085047,2.085047,2.3964105,2.3964105,2.3964105,2.3964105,2.05186,2.05186,2.05186,2.05186,1.8847935,1.8847935,1.8847935,1.8847935,1.7741975,1.7741975,1.7741975,1.7741975,1.8994893,1.8994893,1.8994893,1.8994893
1.341238,1.341238,1.341238,1.341238,1.5602548,1.5602548,1.5602548,1.5602548,1.52695,1.52695,1.52695,1.52695,1.7381334,1.7381334,1.7381334,1.7381334,2.2970686,2.2970686,2.2970686,2.2970686,2.297455,2.297455,2.297455,2.297455,2.2638023,2.2638023,2.2638023,2.2638023,2.1146104,2.1146104,2.1146104,2.1146104,1.9262708,1.9262708,1.9262708,1.9262708,2.4028676,2.4028676,2.4028676,2.4028676,2.4756672,2.4756672,2.4756672,2.4756672,1.8495578,1.8495578,1.8495578,1.8495578,2.0156415,2.0156415,2.0156415,2.0156415,1.9323205,1.9323205,1.9323205,1.9323205,2.5997143,2.5997143,2.5997143,2.5997143,3.0,3.0,3.0,3.0,2.945014,2.945014,2.945014,2.945014,2.053713,2.053713,2.053713,2.053713,2.5461304,2.5461304,2.5461304,2.5461304,2.8362331,2.8362331,2.8362331,2.8362331,2.774653,2.774653,2.774653,2.774653,2.1958807,2.1958807,2.1958807,2.1958807,2.0872414,2.0872414,2.0872414,2.0872414,1.4971634,1.4971634,1.4971634,1.4971634,2.085047,2.085047,2.085047,2.085047,2.3964105,2.3964105,2.3964105,2.3964105,2.05186,2.05186,2.05186,2.05186,1.8847935,1.8847935,1.8847935,1.8847935,1.7741975,1.7741975,1.7741975,1.7741975,1.8994893,1.8994893,1.8994893,1.8994893
1.341238,1.341238,1.341238,1.341238,1.5602548,1.5602548,1.5602548,1.5602548,1.52695,1.52695,1.52695,1.52695,1.7381334,1.7381334,1.7381334,1.7381334,2.2970686,2.2970686,2.2970686,2.2970686,2.297455,2.297455,2.297455,2.297455,2.2638023,2.2638023,2.2638023,2.2638023,2.1146104,2.1146104,2.1146104,2.1146104,1.9262708,1.9262708,1.9262708,1.9262708,2.4028676,2.4028676,2.4028676,2.4028676,2.4756672,2.4756672,2.4756672,2.4756672,1.8495578,1.8495578,1.8495578,1.8495578,2.0156415,2.0156415,2.0156415,2.0156415,1.9323205,1.9323205,1.9323205,1.9323205,2.5997143,2.5997143,2.5997143,2.5997143,3.0,3.0,3.0,3.0,2.945014,2.945014,2.945014,2.945014,2.053713,2.053713,2.053713,2.053713,2.5461304,2.5461304,2.5461304,2.5461304,2.8362331,2.8362331,2.8362331,2.8362331,2.774653,2.774653,2.774653,2.774653,2.1958807,2.1958807,2.1958807,2.1958807,2.0872414,2.0872414,2.0872414,2.0872414,1.4971634,1.4971634,1.4971634,1.4971634,2.085047,2.085047,2.085047,2.085047,2.3964105,2.3964105,2.3964105,2.3964105,2.05186,2.05186,2.05186,2.05186,1.8847935,1.8847935,1.8847935,1.8847935,1.7741975,1.7741975,1.7741975,1.7741975,1.8994893,1.8994893,1.8994893,1.8994893
1.7829028,1.7829028,1.7829028,1.7829028,1.8632978,1.8632978,1.8632978,1.8632978,1.7475083,1.7475083,1.7475083,1.7475083,1.7869605,1.7869605,1.7869605,1.7869605,2.0725842,2.0725842,2.0725842,2.0725842,2.0391114,2.0391114,2.0391114,2.0391114,1.7236838,1.7236838,1.7236838,1.7236838,1.9267604,1.9267604,1.9267604,1.9267604,1.6894852,1.6894852,1.6894852,1.6894852,1.4583327,1.4583327,1.4583327,1.4583327,1.5500872,1.5500872,1.5500872,1.5500872,1.9967414,1.9967414,1.9967414,1.9967414,2.591496,2.591496,2.591496,2.591496,2.210653,2.210653,2.210653,2.210653,2.881014,2.881014,2.881014,2.881014,2.627448,2.627448,2.627448,2.627448,2.3933408,2.3933408,2.3933408,2.3933408,1.9706602,1.9706602,1.9706602,1.9706602,1.5476618,1.5476618,1.5476618,1.5476618,2.753966,2.753966,2.753966,2.753966,2.2312276,2.2312276,2.2312276,2.2312276,1.4448582,1.4448582,1.4448582,1.4448582,2.12474,2.12474,2.12474,2.12474,1.9016334,1.9016334,1.9016334,1.9016334,2.0696468,2.0696468,2.0696468,2.0696468,1.681441,1.681441,1.681441,1.681441,1.967954,1.967954,1.967954,1.967954,1.936728,1.936728,1.936728,1.936728,1.7898947,1.7898947,1.7898947,1.7898947,1.6269867,1.6269867,1.6269867,1.6269867
1.7829028,1.7829028,1.7829028,1.7829028,1.8632978,1.8632978,1.8632978,1.8632978,1.7475083,1.7475083,1.7475083,1.7475083,1.7869605,1.7869605,1.7869605,1.7869605,2.0725842,2.0725842,2.0725842,2.0725842,2.0391114,2.0391114,2.0391114,2.0391114,1.7236838,1.7236838,1.7236838,1.7236838,1.9267604,1.9267604,1.9267604,1.9267604,1.6894852,1.6894852,1.6894852,1.6894852,1.4583327,1.4583327,1.4583327,1.4583327,1.5500872,1.5500872,1.5500872,1.5500872,1.9967414,1.9967414,1.9967414,1.9967414,2.591496,2.591496,2.591496,2.591496,2.210653,2.210653,2.210653,2.210653,2.881014,2.881014,2.881014,2.881014,2.627448,2.627448,2.627448,2.627448,2.3933408,2.3933408,2.3933408,2.3933408,1.9706602,1.9706602,1.9706602,1.9706602,1.5476618,1.5476618,1.5476618,1.5476618,2.753966,2.753966,2.753966,2.753966,2.2312276,2.2312276,2.2312276,2.2312276,1.4448582,1.4448582,1.4448582,1.4448582,2.12474,2.12474,2.12474,2.12474,1.9016334,1.9016334,1.9016334,1.9016334,2.0696468,2.0696468,2.0696468,2.0696468,1.681441,1.681441,1.681441,1.681441,1.967954,1.967954,1.967954,1.967954,1.936728,1.936728,1.936728,1.936728,1.7898947,1.7898947,1.7898947,1.7898947,1.6269867,1.6269867,1.6269867,1.6269867
1.7829028,1.7829028,1.7829028,1.7829028,1.8632978,1.8632978,1.8632978,1.8632978,1.7475083,1.7475083,1.7475083,1.7475083,1.7869605,1.7869605,1.7869605,1.7869605,2.0725842,2.0725842,2.0725842,2.0725842,2.0391114,2.0391114,2.0391114,2.0391114,1.7236838,1.7236838,1.7236838,1.7236838,1.9267604,1.9267604,1.9267604,1.9267604,1.6894852,1.6894852,1.6894852,1.6894852,1.4583327,1.4583327,1.4583327,1.4583327,1.5500872,1.5500872,1.5500872,1.5500872,1.9967414,1.9967414,1.9967414,1.9967414,2.591496,2.591496,2.591496,2.591496,2.210653,2.210653,2.210653,2.210653,2.881014,2.881014,2.881014,2.881014,2.627448,2.627448,2.627448,2.627448,2.3933408,2.3933408,2.3933408,2.3933408,1.9706602,1.9706602,1.9706602,1.9706602,1.5476618,1.5476618,1.5476618,1.5476618,2.753966,2.753966,2.753966,2.753966,2.2312276,2.2312276,2.2312276,2.2312276,1.4448582,1.4448582,1.4448582,1.4448582,2.12474,2.12474,2.12474,2.12474,1.9016334,1.9016334,1.9016334,1.9016334,2.0696468,2.0696468,2.0696468,2.0696468,1.681441,1.681441,1.681441,1.681441,1.967954,1.967954,1.967954,1.967954,1.936728,1.936728,1.936728,1.936728,1.7898947,1.7898947,1.7898947,1.7898947,1.6269867,1.6269867,1.6269867,1.6269867
1.7829028,1.7829028,1.7829028,1.7829028,1.8632978,1.8632978,1.8632978,1.8632978,1.7475083,1.7475083,1.7475083,1.7475083,1.7869605,1.7869605,1.7869605,1.7869605,2.0725842,2.0725842,2.0725842,2.0725842,2.0391114,2.0391114,2.0391114,2.0391114,1.7236838,1.7236838,1.7236838,1.7236838,1.9267604,1.9267604,1.9267604,1.9267604,1.6894852,1.6894852,1.6894852,1.6894852,1.4583327,1.4583327,1.4583327,1.4583327,1.5500872,1.5500872,1.5500872,1.5500872,1.9967414,1.9967414,1.9967414,1.9967414,2.591496,2.591496,2.591496,2.591496,2.210653,2.210653,2.210653,2.210653,2.881014,2.881014,2.881014,2.881014,2.627448,2.627448,2.627448,2.627448,2.3933408,2.3933408,2.3933408,2.3933408,1.9706602,1.9706602,1.9706602,1.9706602,1.5476618,1.5476618,1.5476618,1.5476618,2.753966,2.753966,2.753966,2.753966,2.2312276,2.2312276,2.2312276,2.2312276,1.4448582,1.4448582,1.4448582,1.4448582,2.12474,2.12474,2.12474,2.12474,1.9016334,1.9016334,1.9016334,1.9016334,2.0696468,2.0696468,2.0696468,2.0696468,1.681441,1.681441,1.681441,1.681441,1.967954,1.967954,1.967954,1.967954,1.936728,1.936728,1.936728,1.936728,1.7898947,1.7898947,1.7898947,1.7898947,1.6269867,1.6269867,1.6269867,1.6269867
1.6458105,1.6458105,1.6458105,1.6458105,1.8449633,1.8449633,1.8449633,1.8449633,1.7989887,1.7989887,1.7989887,1.7989887,1.8344966,1.8344966,1.8344966,1.8344966,1.9945012,1.9945012,1.9945012,1.9945012,1.35608,1.35608,1.35608,1.35608,1.9968649,1.9968649,1.9968649,1.9968649,2.1723146,2.1723146,2.1723146,2.1723146,2.2061658,2.2061658,2.2061658,2.2061658,2.099297,2.099297,2.099297,2.099297,1.4610701,1.4610701,1.4610701,1.4610701,2.1231184,2.1231184,2.1231184,2.1231184,2.6965728,2.6965728,2.6965728,2.6965728,2.0939007,2.0939007,2.0939007,2.0939007,1.9362901,1.9362901,1.9362901,1.9362901,1.8128046,1.8128046,1.8128046,1.8128046,1.8545862,1.8545862,1.8545862,1.8545862,1.9767807,1.9767807,1.9767807,1.9767807,1.8138946,1.8138946,1.8138946,1.8138946,3.0,3.0,3.0,3.0,3.0,3.0,3.0,3.0,1.9071329,1.9071329,1.9071329,1.9071329,1.4533926,1.4533926,1.4533926,1.4533926,0.7992943,0.7992943,0.7992943,0.7992943,1.0290705,1.0290705,1.0290705,1.0290705,1.9953364,1.9953364,1.9953364,1.9953364,1.6343365,1.6343365,1.6343365,1.6343365,1.5182289,1.5182289,1.5182289,1.5182289,1.5205313,1.5205313,1.5205313,1.5205313,1.7368237,1.7368237,1.7368237,1.7368237
1.6458105,1.6458105,1.6458105,1.6458105,1.8449633,1.8449633,1.8449633,1.8449633,1.7989887,1.7989887,1.7989887,1.7989887,1.8344966,1.8344966,1.8344966,1.8344966,1.9945012,1.9945012,1.9945012,1.9945012,1.35608,1.35608,1.35608,1.35608,1.9968649,1.9968649,1.9968649,1.9968649,2.1723146,2.1723146,2.1723146,2.1723146,2.2061658,2.2061658,2.2061658,2.2061658,2.099297,2.099297,2.099297,2.099297,1.4610701,1.4610701,1.4610701,1.4610701,2.1231184,2.1231184,2.1231184,2.1231184,2.6965728,2.6965728,2.6965728,2.6965728,2.0939007,2.0939007,2.0939007,2.0939007,1.9362901,1.9362901,1.9362901,1.9362901,1.8128046,1.8128046,1.8128046,1.8128046,1.8545862,1.8545862,1.8545862,1.8545862,1.9767807,1.9767807,1.9767807,1.9767807,1.8138946,1.8138946,1.8138946,1.8138946,3.0,3.0,3.0,3.0,3.0,3.0,3.0,3.0,1.9071329,1.9071329,1.9071329,1.9071329,1.4533926,1.4533926,1.4533926,1.4533926,0.7992943,0.7992943,0.7992943,0.7992943,1.0290705,1.0290705,1.0290705,1.0290705,1.9953364,1.9953364,1.9953364,1.9953364,1.6343365,1.6343365,1.6343365,1.6343365,1.5182289,1.5182289,1.5182289,1.5182289,1.5205313,1.5205313,1.5205313,1.5205313,1.7368237,1.7368237,1.7368237,1.7368237
1.6458105,1.6458105,1.6458105,1.6458105,1.8449633,1.8449633,1.8449633,1.8449633,1.7989887,1.7989887,1.7989887,1.7989887,1.8344966,1.8344966,1.8344966,1.8344966,1.9945012,1.9945012,1.9945012,1.9945012,1.35608,1.35608,1.35608,1.35608,1.9968649,1.9968649,1.9968649,1.9968649,2.1723146,2.1723146,2.1723146,2.1723146,2.2061658,2.2061658,2.2061658,2.2061658,2.099297,2.099297,2.099297,2.099297,1.4610701,1.4610701,1.4610701,1.4610701,2.1231184,2.1231184,2.1231184,2.1231184,2.6965728,2.6965728,2.6965728,2.6965728,2.0939007,2.0939007,2.0939007,2.0939007,1.9362901,1.9362901,1.9362901,1.9362901,1.8128046,1.8128046,1.8128046,1.8128046,1.8545862,1.8545862,1.8545862,1.8545862,1.9767807,1.9767807,1.9767807,1.9767807,1.8138946,1.8138946,1.8138946,1.8138946,3.0,3.0,3.0,3.0,3.0,3.0,3.0,3.0,1.9071329,1.9071329,1.9071329,1.9071329,1.4533926,1.4533926,1.4533926,1.4533926,0.7992943,0.7992943,0.7992943,0.7992943,1.0290705,1.0290705,1.0290705,1.0290705,1.9953364,1.9953364,1.9953364,1.9953364,1.6343365,1.6343365,1.6343365,1.6343365,1.5182289,1.5182289,1.5182289,1.5182289,1.5205313,1.5205313,1.5205313,1.5205313,1.7368237,1.7368237,1.7368237,1.7368237
1.6458105,1.6458105,1.6458105,1.6458105,1.8449633,1.8449633,1.8449633,1.8449633,1.7989887,1.7989887,1.7989887,1.7989887,1.8344966,1.8344966,1.8344966,1.8344966,1.9945012,1.9945012,1.9945012,1.9945012,1.35608,1.35608,1.35608,1.35608,1.9968649,1.9968649,1.9968649,1.9968649,2.1723146,2.1723146,2.1723146,2.1723146,2.2061658,2.2061658,2.2061658,2.2061658,2.099297,2.099297,2.099297,2.099297,1.4610701,1.4610701,1.4610701,1.4610701,2.1231184,2.1231184,2.1231184,2.1231184,2.6965728,2.6965728,2.6965728,2.6965728,2.0939007,2.0939007,2.0939007,2.0939007,1.9362901,1.9362901,1.9362901,1.9362901,1.8128046,1.8128046,1.8128046,1.8128046,1.8545862,1.8545862,1.8545862,1.8545862,1.9767807,1.9767807,1.9767807,1.9767807,1.8138946,1.8138946,1.8138946,1.8138946,3.0,3.0,3.0,3.0,3.0,3.0,3.0,3.0,1.9071329,1.9071329,1.9071329,1.9071329,1.4533926,1.4533926,1.4533926,1.4533926,0.7992943,0.7992943,0.7992943,0.7992943,1.0290705,1.0290705,1.0290705,1.0290705,1.9953364,1.9953364,1.9953364,1.9953364,1.6343365,1.6343365,1.6343365,1.6343365,1.5182289,1.5182289,1.5182289,1.5182289,1.5205313,1.5205313,1.5205313,1.5205313,1.7368237,1.7368237,1.7368237,1.7368237
2.0335455,2.0335455,2.0335455,2.0335455,1.8731825,1.8731825,1.8731825,1.8731825,1.6119056,1.6119056,1.6119056,1.6119056,1.4084629,1.4084629,1.4084629,1.4084629,1.6151648,1.6151648,1.6151648,1.6151648,1.0134326,1.0134326,1.0134326,1.0134326,0.7126936,0.7126936,0.7126936,0.7126936,1.3920957,1.3920957,1.3920957,1.3920957,2.1626728,2.1626728,2.1626728,2.1626728,1.8352121,1.8352121,1.8352121,1.8352121,1.6316967,1.6316967,1.6316967,1.6316967,0.9546915,0.9546915,0.9546915,0.9546915,1.652725,1.652725,1.652725,1.652725,1.9382441,1.9382441,1.9382441,1.9382441,1.8122097,1.8122097,1.8122097,1.8122097,2.513396,2.513396,2.513396,2.513396,3.0,3.0,3.0,3.0,2.7585044,2.7585044,2.7585044,2.7585044,2.869016,2.869016,2.869016,2.869016,2.948922,2.948922,2.948922,2.948922,3.0,3.0,3.0,3.0,3.0,3.0,3.0,3.0,2.2986069,2.2986069,2.2986069,2.2986069,1.7998613,1.7998613,1.7998613,1.7998613,1.9216763,1.9216763,1.9216763,1.9216763,1.8913207,1.8913207,1.8913207,1.8913207,1.4611385,1.4611385,1.4611385,1.4611385,1.1596218,1.1596218,1.1596218,1.1596218,1.6341245,1.6341245,1.6341245,1.6341245,1.2225449,1.2225449,1.2225449,1.2225449
2.0335455,2.0335455,2.0335455,2.0335455,1.8731825,1.8731825,1.8731825,1.8731825,1.6119056,1.6119056,1.6119056,1.6119056,1.4084629,1.4084629,1.4084629,1.4084629,1.6151648,1.6151648,1.6151648,1.6151648,1.0134326,1.0134326,1.0134326,1.0134326,0.7126936,0.7126936,0.7126936,0.7126936,1.3920957,1.3920957,1.3920957,1.3920957,2.1626728,2.1626728,2.1626728,2.1626728,1.8352121,1.8352121,1.8352121,1.8352121,1.6316967,1.6316967,1.6316967,1.6316967,0.9546915,0.9546915,0.9546915,0.9546915,1.652725,1.652725,1.652725,1.652725,1.9382441,1.9382441,1.9382441,1.9382441,1.8122097,1.8122097,1.8122097,1.8122097,2.513396,2.513396,2.513396,2.513396,3.0,3.0,3.0,3.0,2.7585044,2.7585044,2.7585044,2.7585044,2.869016,2.869016,2.869016,2.869016,2.948922,2.948922,2.948922,2.948922,3.0,3.0,3.0,3.0,3.0,3.0,3.0,3.0,2.2986069,2.2986069,2.2986069,2.2986069,1.7998613,1.7998613,1.7998613,1.7998613,1.9216763,1.9216763,1.9216763,1.9216763,1.8913207,1.8913207,1.8913207,1.8913207,1.4611385,1.4611385,1.4611385,1.4611385,1.1596218,1.1596218,1.1596218,1.1596218,1.6341245,1.6341245,1.6341245,1.6341245,1.2225449,1.2225449,1.2225449,1.2225449
2.0335455,2.0335455,2.0335455,2.0335455,1.8731825,1.8731825,1.8731825,1.8731825,1.6119056,1.6119056,1.6119056,1.6119056,1.4084629,1.4084629,1.4084629,1.4084629,1.6151648,1.6151648,1.6151648,1.6151648,1.0134326,1.0134326,1.0134326,1.0134326,0.7126936,0.7126936,0.7126936,0.7126936,1.3920957,1.3920957,1.3920957,1.3920957,2.1626728,2.1626728,2.1626728,2.1626728,1.8352121,1.8352121,1.8352121,1.8352121,1.6316967,1.6316967,1.6316967,1.6316967,0.9546915,0.9546915,0.9546915,0.9546915,1.652725,1.652725,1.652725,1.652725,1.9382441,1.9382441,1.9382441,1.9382441,1.8122097,1.8122097,1.8122097,1.8122097,2.513396,2.513396,2.513396,2.513396,3.0,3.0,3.0,3.0,2.7585044,2.7585044,2.7585044,2.7585044,2.869016,2.869016,2.869016,2.869016,2.948922,2.948922,2.948922,2.948922,3.0,3.0,3.0,3.0,3.0,3.0,3.0,3.0,2.2986069,2.2986069,2.2986069,2.2986069,1.7998613,1.7998613,1.7998613,1.7998613,1.9216763,1.9216763,1.9216763,1.9216763,1.8913207,1.8913207,1.8913207,1.8913207,1.4611385,1.4611385,1.4611385,1.4611385,1.1596218,1.1596218,1.1596218,1.1596218,1.6341245,1.6341245,1.6341245,1.6341245,1.2225449,1.2225449,1.2225449,1.2225449
2.0335455,2.0335455,2.0335455,2.0335455,1.8731825,1.8731825,1.8731825,1.8731825,1.6119056,1.6119056,1.6119056,1.6119056,1.4084629,1.4084629,1.4084629,1.4084629,1.6151648,1.6151648,1.6151648,1.6151648,1.0134326,1.0134326,1.0134326,1.0134326,0.7126936,0.7126936,0.7126936,0.7126936,1.3920957,1.3920957,1.3920957,1.3920957,2.1626728,2.1626728,2.1626728,2.1626728,1.8352121,1.8352121,1.8352121,1.8352121,1.6316967,1.6316967,1.6316967,1.6316967,0.9546915,0.9546915,0.9546915,0.9546915,1.652725,1.652725,1.652725,1.652725,1.9382441,1.9382441,1.9382441,1.9382441,1.8122097,1.8122097,1.8122097,1.8122097,2.513396,2.513396,2.513396,2.513396,3.0,3.0,3.0,3.0,2.7585044,2.7585044,2.7585044,2.7585044,2.869016,2.869016,2.869016,2.869016,2.948922,2.948922,2.948922,2.948922,3.0,3.0,3.0,3.0,3.0,3.0,3.0,3.0,2.2986069,2.2986069,2.2986069,2.2986069,1.7998613,1.7998613,1.7998613,1.7998613,1.9216763,1.9216763,1.9216763,1.9216763,1.8913207,1.8913207,1.8913207,1.8913207,1.4611385,1.4611385,1.4611385,1.4611385,1.1596218,1.1596218,1.1596218,1.1596218,1.6341245,1.6341245,1.6341245,1.6341245,1.2225449,1.2225449,1.2225449,1.2225449
1.3808954,1.3808954,1.3808954,1.3808954,1.0687598,1.0687598,1.0687598,1.0687598,1.3178201,1.3178201,1.3178201,1.3178201,1.3384659,1.3384659,1.3384659,1.3384659,1.5010413,1.5010413,1.5010413,1.5010413,1.573537,1.573537,1.573537,1.573537,2.1115623,2.1115623,2.1115623,2.1115623,1.7475458,1.7475458,1.7475458,1.7475458,2.0766518,2.0766518,2.0766518,2.0766518,1.9009842,1.9009842,1.9009842,1.9009842,2.0530982,2.0530982,2.0530982,2.0530982,1.6709839,1.6709839,1.6709839,1.6709839,1.6947974,1.6947974,1.6947974,1.6947974,1.2542225,1.2542225,1.2542225,1.2542225,1.3666009,1.3666009,1.3666009,1.3666009,2.2675135,2.2675135,2.2675135,2.2675135,3.0,3.0,3.0,3.0,2.7722259,2.7722259,2.7722259,2.7722259,2.2435424,2.2435424,2.2435424,2.2435424,2.8545566,2.8545566,2.8545566,2.8545566,2.897277,2.897277,2.897277,2.897277,2.5473156,2.5473156,2.5473156,2.5473156,2.2650084,2.2650084,2.2650084,2.2650084,1.7695684,1.7695684,1.7695684,1.7695684,1.7508881,1.7508881,1.7508881,1.7508881,1.9709462,1.9709462,1.9709462,1.9709462,1.7384723,1.7384723,1.7384723,1.7384723,1.6608484,1.6608484,1.6608484,1.6608484,1.5431585,1.5431585,1.5431585,1.5431585,1.5049033,1.5049033,1.5049033,1.5049033
1.3808954,1.3808954,1.3808954,1.3808954,1.0687598,1.0687598,1.0687598,1.0687598,1.3178201,1.3178201,1.3178201,1.3178201,1.3384659,1.3384659,1.3384659,1.3384659,1.5010413,1.5010413,1.5010413,1.5010413,1.573537,1.573537,1.573537,1.573537,2.1115623,2.1115623,2.1115623,2.1115623,1.7475458,1.7475458,1.7475458,1.7475458,2.0766518,2.0766518,2.0766518,2.0766518,1.9009842,1.9009842,1.9009842,1.9009842,2.0530982,2.0530982,2.0530982,2.0530982,1.6709839,1.6709839,1.6709839,1.6709839,1.6947974,1.6947974,1.6947974,1.6947974,1.2542225,1.2542225,1.2542225,1.2542225,1.3666009,1.3666009,1.3666009,1.3666009,2.2675135,2.2675135,2.2675135,2.2675135,3.0,3.0,3.0,3.0,2.7722259,2.7722259,2.7722259,2.7722259,2.2435424,2.2435424,2.2435424,2.2435424,2.8545566,2.8545566,2.8545566,2.8545566,2.897277,2.897277,2.897277,2.897277,2.5473156,2.5473156,2.5473156,2.5473156,2.2650084,2.2650084,2.2650084,2.2650084,1.7695684,1.7695684,1.7695684,1.7695684,1.7508881,1.7508881,1.7508881,1.7508881,1.9709462,1.9709462,1.9709462,1.9709462,1.7384723,1.7384723,1.7384723,1.7384723,1.6608484,1.6608484,1.6608484,1.6608484,1.5431585,1.5431585,1.5431585,1.5431585,1.5049033,1.5049033,1.5049033,1.5049033
1.3808954,1.3808954,1.3808954,1.3808954,1.0687598,1.0687598,1.0687598,1.0687598,1.3178201,1.3178201,1.3178201,1.3178201,1.3384659,1.3384659,1.3384659,1.3384659,1.5010413,1.5010413,1.5010413,1.5010413,1.573537,1.573537,1.573537,1.573537,2.1115623,2.1115623,2.1115623,2.1115623,1.7475458,1.7475458,1.7475458,1.7475458,2.0766518,2.0766518,2.0766518,2.0766518,1.9009842,1.9009842,1.9009842,1.9009842,2.0530982,2.0530982,2.0530982,2.0530982,1.6709839,1.6709839,1.6709839,1.6709839,1.6947974,1.6947974,1.6947974,1.6947974,1.2542225,1.2542225,1.2542225,1.2542225,1.3666009,1.3666009,1.3666009,1.3666009,2.2675135,2.2675135,2.2675135,2.2675135,3.0,3.0,3.0,3.0,2.7722259,2.7722259,2.7722259,2.7722259,2.2435424,2.2435424,2.2435424,2.2435424,2.8545566,2.8545566,2.8545566,2.8545566,2.897277,2.897277,2.897277,2.897277,2.5473156,2.5473156,2.5473156,2.5473156,2.2650084,2.2650084,2.2650084,2.2650084,1.7695684,1.7695684,1.7695684,1.7695684,1.7508881,1.7508881,1.7508881,1.7508881,1.9709462,1.9709462,1.9709462,1.9709462,1.7384723,1.7384723,1.7384723,1.7384723,1.6608484,1.6608484,1.6608484,1.6608484,1.5431585,1.5431585,1.5431585,1.5431585,1.5049033,1.5049033,1.5049033,1.5049033
1.3808954,1.3808954,1.3808954,1.3808954,1.0687598,1.0687598,1.0687598,1.0687598,1.3178201,1.3178201,1.3178201,1.3178201,1.3384659,1.3384659,1.3384659,1.3384659,1.5010413,1.5010413,1.5010413,1.5010413,1.573537,1.573537,1.573537,1.573537,2.1115623,2.1115623,2.1115623,2.1115623,1.7475458,1.7475458,1.7475458,1.7475458,2.0766518,2.0766518,2.0766518,2.0766518,1.9009842,1.9009842,1.9009842,1.9009842,2.0530982,2.0530982,2.0530982,2.0530982,1.6709839,1.6709839,1.6709839,1.6709839,1.6947974,1.6947974,1.6947974,1.6947974,1.2542225,1.2542225,1.2542225,1.2542225,1.3666009,1.3666009,1.3666009,1.3666009,2.2675135,2.2675135,2.2675135,2.2675135,3.0,3.0,3.0,3.0,2.7722259,2.7722259,2.7722259,2.7722259,2.2435424,2.2435424,2.2435424,2.2435424,2.8545566,2.8545566,2.8545566,2.8545566,2.897277,2.897277,2.897277,2.897277,2.5473156,2.5473156,2.5473156,2.5473156,2.2650084,2.2650084,2.2650084,2.2650084,1.7695684,1.7695684,1.7695684,1.7695684,1.7508881,1.7508881,1.7508881,1.7508881,1.9709462,1.9709462,1.9709462,1.9709462,1.7384723,1.7384723,1.7384723,1.7384723,1.6608484,1.6608484,1.6608484,1.6608484,1.5431585,1.5431585,1.5431585,1.5431585,1.5049033,1.5049033,1.5049033,1.5049033
0.6,0.6,0.6,0.6,0.6,0.6,0.6,0.6,0.6,0.6,0.6,0.6,0.6,0.6,0.6,0.6,0.8166219,0.8166219,0.8166219,0.8166219,0.99952364,0.99952364,0.99952364,0.99952364,0.7350391,0.7350391,0.7350391,0.7350391,1.0666325,1.0666325,1.0666325,1.0666325,1.833179,1.833179,1.833179,1.833179,2.881877,2.881877,2.881877,2.881877,2.9586926,2.9586926,2.9586926,2.9586926,2.163052,2.163052,2.163052,2.163052,2.611982,2.611982,2.611982,2.611982,2.011691,2.011691,2.011691,2.011691,1.791582,1.791582,1.791582,1.791582,1.9068635,1.9068635,1.9068635,1.9068635,1.3875308,1.3875308,1.3875308,1.3875308,1.3686962,1.3686962,1.3686962,1.3686962,1.8164871,1.8164871,1.8164871,1.8164871,2.6617796,2.6617796,2.6617796,2.6617796,2.481668,2.481668,2.481668,2.481668,2.2219324,2.2219324,2.2219324,2.2219324,1.5921489,1.5921489,1.5921489,1.5921489,1.5053719,1.5053719,1.5053719,1.5053719,1.3384506,1.3384506,1.3384506,1.3384506,1.386193,1.386193,1.386193,1.386193,1.347437,1.347437,1.347437,1.347437,1.5229536,1.5229536,1.5229536,1.5229536,1.732467,1.732467,1.732467,1.732467,1.5883522,1.5883522,1.5883522,1.5883522
0.6,0.6,0.6,0.6,0.6,0.6,0.6,0.6,0.6,0.6,0.6,0.6,0.6,0.6,0.6,0.6,0.8166219,0.8166219,0.8166219,0.8166219,0.99952364,0.99952364,0.99952364,0.99952364,0.7350391,0.7350391,0.7350391,0.7350391,1.0666325,1.0666325,1.0666325,1.0666325,1.833179,1.833179,1.833179,1.833179,2.881877,2.881877,2.881877,2.881877,2.9586926,2.9586926,2.9586926,2.9586926,2.163052,2.163052,2.163052,2.163052,2.611982,2.611982,2.611982,2.611982,2.011691,2.011691,2.011691,2.011691,1.791582,1.791582,1.791582,1.791582,1.9068635,1.9068635,1.9068635,1.9068635,1.3875308,1.3875308,1.3875308,1.3875308,1.3686962,1.3686962,1.3686962,1.3686962,1.8164871,1.8164871,1.8164871,1.8164871,2.6617796,2.6617796,2.6617796,2.6617796,2.481668,2.481668,2.481668,2.481668,2.2219324,2.2219324,2.2219324,2.2219324,1.5921489,1.5921489,1.5921489,1.5921489,1.5053719,1.5053719,1.5053719,1.5053719,1.3384506,1.3384506,1.3384506,1.3384506,1.386193,1.386193,1.386193,1.386193,1.347437,1.347437,1.347437,1.347437,1.5229536,1.5229536,1.5229536,1.5229536,1.732467,1.732467,1.732467,1.732467,1.5883522,1.5883522,1.5883522,1.5883522
0.6,0.6,0.6,0.6,0.6,0.6,0.6,0.6,0.6,0.6,0.6,0.6,0.6,0.6,0.6,0.6,0.8166219,0.8166219,0.8166219,0.8166219,0.99952364,0.99952364,0.99952364,0.99952364,0.7350391,0.7350391,0.7350391,0.7350391,1.0666325,1.0666325,1.0666325,1.0666325,1.833179,1.833179,1.833179,1.833179,2.881877,2.881877,2.881877,2.881877,2.9586926,2.9586926,2.9586926,2.9586926,2.163052,2.163052,2.163052,2.163052,2.611982,2.611982,2.611982,2.611982,2.011691,2.011691,2.011691,2.011691,1.791582,1.791582,1.791582,1.791582,1.9068635,1.9068635,1.9068635,1.9068635,1.3875308,1.3875308,1.3875308,1.3875308,1.3686962,1.3686962,1.3686962,1.3686962,1.8164871,1.8164871,1.8164871,1.8164871,2.6617796,2.6617796,2.6617796,2.6617796,2.481668,2.481668,2.481668,2.481668,2.2219324,2.2219324,2.2219324,2.2219324,1.5921489,1.5921489,1.5921489,1.5921489,1.5053719,1.5053719,1.5053719,1.5053719,1.3384506,1.3384506,1.3384506,1.3384506,1.386193,1.386193,1.386193,1.386193,1.347437,1.347437,1.347437,1.347437,1.5229536,1.5229536,1.5229536,1.5229536,1.732467,1.732467,1.732467,1.732467,1.5883522,1.5883522,1.5883522,1.5883522
0.6,0.6,0.6,0.6,0.6,0.6,0.6,0.6,0.6,0.6,0.6,0.6,0.6,0.6,0.6,0.6,0.8166219,0.8166219,0.8166219,0.8166219,0.99952364,0.99952364,0.99952364,0.99952364,0.7350391,0.7350391,0.7350391,0.7350391,1.0666325,1.0666325,1.0666325,1.0666325,1.833179,1.833179,1.833179,1.833179,2.881877,2.881877,2.881877,2.881877,2.9586926,2.9586926,2.9586926,2.9586926,2.163052,2.163052,2.163052,2.163052,2.611982,2.611982,2.611982,2.611982,2.011691,2.011691,2.011691,2.011691,1.791582,1.791582,1.791582,1.791582,1.9068635,1.9068635,1.9068635,1.9068635,1.3875308,1.3875308,1.3875308,1.3875308,1.3686962,1.3686962,1.3686962,1.3686962,1.8164871,1.8164871,1.8164871,1.8164871,2.6617796,2.6617796,2.6617796,2.6617796,2.481668,2.481668,2.481668,2.481668,2.2219324,2.2219324,2.2219324,2.2219324,1.5921489,1.5921489,1.5921489,1.5921489,1.5053719,1.5053719,1.5053719,1.5053719,1.3384506,1.3384506,1.3384506,1.3384506,1.386193,1.386193,1.386193,1.386193,1.347437,1.347437,1.347437,1.347437,1.5229536,1.5229536,1.5229536,1.5229536,1.732467,1.732467,1.732467,1.732467,1.5883522,1.5883522,1.5883522,1.5883522
0.6383842,0.6383842,0.6383842,0.6383842,0.9998661,0.9998661,0.9998661,0.9998661,1.0555277,1.0555277,1.0555277,1.0555277,1.3229206,1.3229206,1.3229206,1.3229206,1.2083092,1.2083092,1.2083092,1.2083092,0.77953357,0.77953357,0.77953357,0.77953357,1.372799,1.372799,1.372799,1.372799,0.978774,0.978774,0.978774,0.978774,1.8576123,1.8576123,1.8576123,1.8576123,2.3639061,2.3639061,2.3639061,2.3639061,2.5233617,2.5233617,2.5233617,2.5233617,1.754624,1.754624,1.754624,1.754624,1.5528177,1.5528177,1.5528177,1.5528177,1.1428534,1.1428534,1.1428534,1.1428534,1.683998,1.683998,1.683998,1.683998,1.7623047,1.7623047,1.7623047,1.7623047,1.5451334,1.5451334,1.5451334,1.5451334,1.9560118,1.9560118,1.9560118,1.9560118,1.169646,1.169646,1.169646,1.169646,1.6429533,1.6429533,1.6429533,1.6429533,2.0569944,2.0569944,2.0569944,2.0569944,1.9627752,1.9627752,1.9627752,1.9627752,1.5726526,1.5726526,1.5726526,1.5726526,1.6570024,1.6570024,1.6570024,1.6570024,1.6656508,1.6656508,1.6656508,1.6656508,1.8301213,1.8301213,1.8301213,1.8301213,1.7325968,1.7325968,1.7325968,1.7325968,1.5045705,1.5045705,1.5045705,1.5045705,1.4192983,1.4192983,1.4192983,1.4192983,1.7299113,1.7299113,1.7299113,1.7299113
0.6383842,0.6383842,0.6383842,0.6383842,0.9998661,0.9998661,0.9998661,0.9998661,1.0555277,1.0555277,1.0555277,1.0555277,1.3229206,1.3229206,1.3229206,1.3229206,1.2083092,1.2083092,1.2083092,1.2083092,0.77953357,0.77953357,0.77953357,0.77953357,1.372799,1.372799,1.372799,1.372799,0.978774,0.978774,0.978774,0.978774,1.8576123,1.8576123,1.8576123,1.8576123,2.3639061,2.3639061,2.3639061,2.3639061,2.5233617,2.5233617,2.5233617,2.5233617,1.754624,1.754624,1.754624,1.754624,1.5528177,1.5528177,1.5528177,1.5528177,1.1428534,1.1428534,1.1428534,1.1428534,1.683998,1.683998,1.683998,1.683998,1.7623047,1.7623047,1.7623047,1.7623047,1.5451334,1.5451334,1.5451334,1.5451334,1.9560118,1.9560118,1.9560118,1.9560118,1.169646,1.169646,1.169646,1.169646,1.6429533,1.6429533,1.6429533,1.6429533,2.0569944,2.0569944,2.0569944,2.0569944,1.9627752,1.9627752,1.9627752,1.9627752,1.5726526,1.5726526,1.5726526,1.5726526,1.6570024,1.6570024,1.6570024,1.6570024,1.6656508,1.6656508,1.6656508,1.6656508,1.8301213,1.8301213,1.8301213,1.8301213,1.7325968,1.7325968,1.7325968,1.7325968,1.5045705,1.5045705,1.5045705,1.5045705,1.4192983,1.4192983,1.4192983,1.4192983,1.7299113,1.7299113,1.7299113,1.7299113
0.6383842,0.6383842,0.6383842,0.6383842,0.9998661,0.9998661,0.9998661,0.9998661,1.0555277,1.0555277,1.0555277,1.0555277,1.3229206,1.3229206,1.3229206,1.3229206,1.2083092,1.2083092,1.2083092,1.2083092,0.77953357,0.77953357,0.77953357,0.77953357,1.372799,1.372799,1.372799,1.372799,0.978774,0.978774,0.978774,0.978774,1.8576123,1.8576123,1.8576123,1.8576123,2.3639061,2.3639061,2.3639061,2.3639061,2.5233617,2.5233617,2.5233617,2.5233617,1.754624,1.754624,1.754624,1.754624,1.5528177,1.5528177,1.5528177,1.5528177,1.1428534,1.1428534,1.1428534,1.1428534,1.683998,1.683998,1.683998,1.683998,1.7623047,1.7623047,1.7623047,1.7623047,1.5451334,1.5451334,1.5451334,1.5451334,1.9560118,1.9560118,1.9560118,1.9560118,1.169646,1.169646,1.169646,1.169646,1.6429533,1.6429533,1.6429533,1.6429533,2.0569944,2.0569944,2.0569944,2.0569944,1.9627752,1.9627752,1.9627752,1.9627752,1.5726526,1.5726526,1.5726526,1.5726526,1.6570024,1.6570024,1.6570024,1.6570024,1.6656508,1.6656508,1.6656508,1.6656508,1.8301213,1.8301213,1.8301213,1.8301213,1.7325968,1.7325968,1.7325968,1.7325968,1.5045705,1.5045705,1.5045705,1.5045705,1.4192983,1.4192983,1.4192983,1.4192983,1.7299113,1.7299113,1.7299113,1.7299113
0.6383842,0.6383842,0.6383842,0.6383842,0.9998661,0.9998661,0.9998661,0.9998661,1.0555277,1.0555277,1.0555277,1.0555277,1.3229206,1.3229206,1.3229206,1.3229206,1.2083092,1.2083092,1.2083092,1.2083092,0.77953357,0.77953357,0.77953357,0.77953357,1.372799,1.372799,1.372799,1.372799,0.978774,0.978774,0.978774,0.978774,1.8576123,1.8576123,1.8576123,1.8576123,2.3639061,2.3639061,2.3639061,2.3639061,2.5233617,2.5233617,2.5233617,2.5233617,1.754624,1.754624,1.754624,1.754624,1.5528177,1.5528177,1.5528177,1.5528177,1.1428534,1.1428534,1.1428534,1.1428534,1.683998,1.683998,1.683998,1.683998,1.7623047,1.7623047,1.7623047,1.7623047,1.5451334,1.5451334,1.5451334,1.5451334,1.9560118,1.9560118,1.9560118,1.9560118,1.169646,1.169646,1.169646,1.169646,1.6429533,1.6429533,1.6429533,1.6429533,2.0569944,2.0569944,2.0569944,2.0569944,1.9627752,1.9627752,1.9627752,1.9627752,1.5726526,1.5726526,1.5726526,1.5726526,1.6570024,1.6570024,1.6570024,1.6570024,1.6656508,1.6656508,1.6656508,1.6656508,1.8301213,1.8301213,1.8301213,1.8301213,1.7325968,1.7325968,1.7325968,1.7325968,1.5045705,1.5045705,1.5045705,1.5045705,1.4192983,1.4192983,1.4192983,1.4192983,1.7299113,1.7299113,1.7299113,1.7299113
