0.6,0.6,0.6,0.6,0.6,0.6,0.6,0.6,0.6,0.6,0.6,0.6,0.6,0.6,0.6,0.6,0.6,0.6,0.6,0.6,0.6,0.6,0.6,0.6,0.6,0.6,0.6,0.6,0.6,0.6,0.6,0.6,0.6,0.6,0.6,0.6,0.6,0.6,0.6,0.6,0.6,0.6,0.6,0.6,0.6,0.6,0.6,0.6,0.6,0.6,0.6,0.6,0.6,0.6,0.6,0.6,0.6,0.6,0.6,0.6,0.6,0.6,0.6,0.6,0.6,0.6,0.6,0.6,0.6,0.6,0.6,0.6,0.6,0.6,0.6,0.6,0.6,0.6,0.6,0.6,0.6,0.6,0.6,0.6,0.6,0.6,0.6,0.6,0.6,0.6,0.6,0.6,0.6,0.6,0.6,0.6,0.6,0.6,0.6,0.6,0.6,0.6,0.6,0.6,0.6,0.6,0.6,0.6,0.6,0.6,0.6,0.6,0.6,0.6,0.6,0.6,0.6,0.6,0.6,0.6
0.6,0.6,0.6,0.6,0.6,0.6,0.6,0.6,0.6,0.6,0.6,0.6,0.6,0.6,0.6,0.6,0.6,0.6,0.6,0.6,0.6,0.6,0.6,0.6,0.6,0.6,0.6,0.6,0.6,0.6,0.6,0.6,0.6,0.6,0.6,0.6,0.6,0.6,0.6,0.6,0.6,0.6,0.6,0.6,0.6,0.6,0.6,0.6,0.6,0.6,0.6,0.6,0.6,0.6,0.6,0.6,0.6,0.6,0.6,0.6,0.6,0.6,0.6,0.6,0.6,0.6,0.6,0.6,0.6,0.6,0.6,0.6,0.6,0.6,0.6,0.6,0.6,0.6,0.6,0.6,0.6,0.6,0.6,0.6,0.6,0.6,0.6,0.6,0.6,0.6,0.6,0.6,0.6,0.6,0.6,0.6,0.6,0.6,0.6,0.6,0.6,0.6,0.6,0.6,0.6,0.6,0.6,0.6,0.6,0.6,0.6,0.6,0.6,0.6,0.6,0.6,0.6,0.6,0.6,0.6
0.6,0.6,0.6,0.6,0.6,0.6,0.6,0.6,0.6,0.6,0.6,0.6,0.6,0.6,0.6,0.6,0.6,0.6,0.6,0.6,0.6,0.6,0.6,0.6,0.6,0.6,0.6,0.6,0.6,0.6,0.6,0.6,0.6,0.6,0.6,0.6,0.6,0.6,0.6,0.6,0.6,0.6,0.6,0.6,0.6,0.6,0.6,0.6,0.6,0.6,0.6,0.6,0.6,0.6,0.6,0.6,0.6,0.6,0.6,0.6,0.6,0.6,0.6,0.6,0.6,0.6,0.6,0.6,0.6,0.6,0.6,0.6,0.6,0.6,0.6,0.6,0.6,0.6,0.6,0.6,0.6,0.6,0.6,0.6,0.6,0.6,0.6,0.6,0.6,0.6,0.6,0.6,0.6,0.6,0.6,0.6,0.6,0.6,0.6,0.6,0.6,0.6,0.6,0.6,0.6,0.6,0.6,0.6,0.6,0.6,0.6,0.6,0.6,0.6,0.6,0.6,0.6,0.6,0.6,0.6
0.6,0.6,0.6,0.6,0.6,0.6,0.6,0.6,0.6,0.6,0.6,0.6,0.6,0.6,0.6,0.6,0.6,0.6,0.6,0.6,0.6,0.6,0.6,0.6,0.6,0.6,0.6,0.6,0.6,0.6,0.6,0.6,0.6,0.6,0.6,0.6,0.6,0.6,0.6,0.6,0.6,0.6,0.6,0.6,0.6,0.6,0.6,0.6,0.6,0.6,0.6,0.6,0.6,0.6,0.6,0.6,0.6,0.6,0.6,0.6,0.6,0.6,0.6,0.6,0.6,0.6,0.6,0.6,0.6,0.6,0.6,0.6,0.6,0.6,0.6,0.6,0.6,0.6,0.6,0.6,0.6,0.6,0.6,0.6,0.6,0.6,0.6,0.6,0.6,0.6,0.6,0.6,0.6,0.6,0.6,0.6,0.6,0.6,0.6,0.6,0.6,0.6,0.6,0.6,0.6,0.6,0.6,0.6,0.6,0.6,0.6,0.6,0.6,0.6,0.6,0.6,0.6,0.6,0.6,0.6
0.6,0.6,0.6,0.6,0.6,0.6,0.6,0.6,0.6,0.6,0.6,0.6,0.6,0.6,0.6,0.6,0.6,0.6,0.6,0.6,0.6,0.6,0.6,0.6,0.6,0.6,0.6,0.6,0.6,0.6,0.6,0.6,0.6,0.6,0.6,0.6,0.6,0.6,0.6,0.6,0.6,0.6,0.6,0.6,0.6,0.6,0.6,0.6,0.6,0.6,0.6,0.6,0.6,0.6,0.6,0.6,0.6,0.6,0.6,0.6,0.6,0.6,0.6,0.6,0.6,0.6,0.6,0.6,0.6,0.6,0.6,0.6,0.6,0.6,0.6,0.6,0.6,0.6,0.6,0.6,0.6,0.6,0.6,0.6,0.6,0.6,0.6,0.6,0.6,0.6,0.6,0.6,0.6,0.6,0.6,0.6,0.6,0.6,0.6,0.6,0.6,0.6,0.6,0.6,0.6,0.6,0.6,0.6,0.6,0.6,0.6,0.6,0.6,0.6,0.6,0.6,0.6,0.6,0.6,0.6
0.6,0.6,0.6,0.6,0.6,0.6,0.6,0.6,0.6,0.6,0.6,0.6,0.6,0.6,0.6,0.6,0.6,0.6,0.6,0.6,0.6,0.6,0.6,0.6,0.6,0.6,0.6,0.6,0.6,0.6,0.6,0.6,0.6,0.6,0.6,0.6,0.6,0.6,0.6,0.6,0.6,0.6,0.6,0.6,0.6,0.6,0.6,0.6,0.6,0.6,0.6,0.6,0.6,0.6,0.6,0.6,0.6,0.6,0.6,0.6,0.6,0.6,0.6,0.6,0.6,0.6,0.6,0.6,0.6,0.6,0.6,0.6,0.6,0.6,0.6,0.6,0.6,0.6,0.6,0.6,0.6,0.6,0.6,0.6,0.6,0.6,0.6,0.6,0.6,0.6,0.6,0.6,0.6,0.6,0.6,0.6,0.6,0.6,0.6,0.6,0.6,0.6,0.6,0.6,0.6,0.6,0.6,0.6,0.6,0.6,0.6,0.6,0.6,0.6,0.6,0.6,0.6,0.6,0.6,0.6
0.6,0.6,0.6,0.6,0.6,0.6,0.6,0.6,0.6,0.6,0.6,0.6,0.6,0.6,0.6,0.6,0.6,0.6,0.6,0.6,0.6,0.6,0.6,0.6,0.6,0.6,0.6,0.6,0.6,0.6,0.6,0.6,0.6,0.6,0.6,0.6,0.6,0.6,0.6,0.6,0.6,0.6,0.6,0.6,0.6,0.6,0.6,0.6,0.6,0.6,0.6,0.6,0.6,0.6,0.6,0.6,0.6,0.6,0.6,0.6,0.6,0.6,0.6,0.6,0.6,0.6,0.6,0.6,0.6,0.6,0.6,0.6,0.6,0.6,0.6,0.6,0.6,0.6,0.6,0.6,0.6,0.6,0.6,0.6,0.6,0.6,0.6,0.6,0.6,0.6,0.6,0.6,0.6,0.6,0.6,0.6,0.6,0.6,0.6,0.6,0.6,0.6,0.6,0.6,0.6,0.6,0.6,0.6,0.6,0.6,0.6,0.6,0.6,0.6,0.6,0.6,0.6,0.6,0.6,0.6
0.6,0.6,0.6,0.6,0.6,0.6,0.6,0.6,0.6,0.6,0.6,0.6,0.6,0.6,0.6,0.6,0.6,0.6,0.6,0.6,0.6,0.6,0.6,0.6,0.6,0.6,0.6,0.6,0.6,0.6,0.6,0.6,0.6,0.6,0.6,0.6,0.6,0.6,0.6,0.6,0.6,0.6,0.6,0.6,0.6,0.6,0.6,0.6,0.6,0.6,0.6,0.6,0.6,0.6,0.6,0.6,0.6,0.6,0.6,0.6,0.6,0.6,0.6,0.6,0.6,0.6,0.6,0.6,0.6,0.6,0.6,0.6,0.6,0.6,0.6,0.6,0.6,0.6,0.6,0.6,0.6,0.6,0.6,0.6,0.6,0.6,0.6,0.6,0.6,0.6,0.6,0.6,0.6,0.6,0.6,0.6,0.6,0.6,0.6,0.6,0.6,0.6,0.6,0.6,0.6,0.6,0.6,0.6,0.6,0.6,0.6,0.6,0.6,0.6,0.6,0.6,0.6,0.6,0.6,0.6
0.6,0.6,0.6,0.6,0.6,0.6,0.6,0.6,0.6,0.6,0.6,0.6,0.6,0.6,0.6,0.6,0.6,0.6,0.6,0.6,0.6,0.6,0.6,0.6,0.6,0.6,0.6,0.6,0.6,0.6,0.6,0.6,0.6,0.6,0.6,0.6,0.6,0.6,0.6,0.6,0.6,0.6,0.6,0.6,0.6,0.6,0.6,0.6,0.6,0.6,0.6,0.6,0.6,0.6,0.6,0.6,0.6,0.6,0.6,0.6,0.6,0.6,0.6,0.6,0.6,0.6,0.6,0.6,0.6,0.6,0.6,0.6,0.6,0.6,0.6,0.6,0.6,0.6,0.6,0.6,0.6,0.6,0.6,0.6,0.6,0.6,0.6,0.6,0.6,0.6,0.6,0.6,0.6,0.6,0.6,0.6,0.6,0.6,0.6,0.6,0.6,0.6,0.6,0.6,0.6,0.6,0.6,0.6,0.6,0.6,0.6,0.6,0.6,0.6,0.6,0.6,0.6,0.6,0.6,0.6
0.6,0.6,0.6,0.6,0.6,0.6,0.6,0.6,0.6,0.6,0.6,0.6,0.6,0.6,0.6,0.6,0.6,0.6,0.6,0.6,0.6,0.6,0.6,0.6,0.6,0.6,0.6,0.6,0.6,0.6,0.6,0.6,0.6,0.6,0.6,0.6,0.6,0.6,0.6,0.6,0.6,0.6,0.6,0.6,0.6,0.6,0.6,0.6,0.6,0.6,0.6,0.6,0.6,0.6,0.6,0.6,0.6,0.6,0.6,0.6,0.6,0.6,0.6,0.6,0.6,0.6,0.6,0.6,0.6,0.6,0.6,0.6,0.6,0.6,0.6,0.6,0.6,0.6,0.6,0.6,0.6,0.6,0.6,0.6,0.6,0.6,0.6,0.6,0.6,0.6,0.6,0.6,0.6,0.6,0.6,0.6,0.6,0.6,0.6,0.6,0.6,0.6,0.6,0.6,0.6,0.6,0.6,0.6,0.6,0.6,0.6,0.6,0.6,0.6,0.6,0.6,0.6,0.6,0.6,0.6
0.6,0.6,0.6,0.6,0.6,0.6,0.6,0.6,0.6,0.6,0.6,0.6,0.6,0.6,0.6,0.6,0.6,0.6,0.6,0.6,0.6,0.6,0.6,0.6,0.6,0.6,0.6,0.6,0.6,0.6,0.6,0.6,0.6,0.6,0.6,0.6,0.6,0.6,0.6,0.6,0.6,0.6,0.6,0.6,0.6,0.6,0.6,0.6,0.6,0.6,0.6,0.6,0.6,0.6,0.6,0.6,0.6,0.6,0.6,0.6,0.6,0.6,0.6,0.6,0.6,0.6,0.6,0.6,0.6,0.6,0.6,0.6,0.6,0.6,0.6,0.6,0.6,0.6,0.6,0.6,0.6,0.6,0.6,0.6,0.6,0.6,0.6,0.6,0.6,0.6,0.6,0.6,0.6,0.6,0.6,0.6,0.6,0.6,0.6,0.6,0.6,0.6,0.6,0.6,0.6,0.6,0.6,0.6,0.6,0.6,0.6,0.6,0.6,0.6,0.6,0.6,0.6,0.6,0.6,0.6
0.6,0.6,0.6,0.6,0.6,0.6,0.6,0.6,0.6,0.6,0.6,0.6,0.6,0.6,0.6,0.6,0.6,0.6,0.6,0.6,0.6,0.6,0.6,0.6,0.6,0.6,0.6,0.6,0.6,0.6,0.6,0.6,0.6,0.6,0.6,0.6,0.6,0.6,0.6,0.6,0.6,0.6,0.6,0.6,0.6,0.6,0.6,0.6,0.6,0.6,0.6,0.6,0.6,0.6,0.6,0.6,0.6,0.6,0.6,0.6,0.6,0.6,0.6,0.6,0.6,0.6,0.6,0.6,0.6,0.6,0.6,0.6,0.6,0.6,0.6,0.6,0.6,0.6,0.6,0.6,0.6,0.6,0.6,0.6,0.6,0.6,0.6,0.6,0.6,0.6,0.6,0.6,0.6,0.6,0.6,0.6,0.6,0.6,0.6,0.6,0.6,0.6,0.6,0.6,0.6,0.6,0.6,0.6,0.6,0.6,0.6,0.6,0.6,0.6,0.6,0.6,0.6,0.6,0.6,0.6
0.6,0.6,0.6,0.6,0.6,0.6,0.6,0.6,0.6,0.6,0.6,0.6,0.6,0.6,0.6,0.6,0.6,0.6,0.6,0.6,0.6,0.6,0.6,0.6,0.6,0.6,0.6,0.6,0.6,0.6,0.6,0.6,0.6,0.6,0.6,0.6,0.6,0.6,0.6,0.6,0.6,0.6,0.6,0.6,0.6,0.6,0.6,0.6,0.6,0.6,0.6,0.6,0.6,0.6,0.6,0.6,0.6,0.6,0.6,0.6,0.6,0.6,0.6,0.6,0.6,0.6,0.6,0.6,0.6,0.6,0.6,0.6,0.6,0.6,0.6,0.6,0.6,0.6,0.6,0.6,0.6,0.6,0.6,0.6,0.6,0.6,0.6,0.6,0.6,0.6,0.6,0.6,0.6,0.6,0.6,0.6,0.6,0.6,0.6,0.6,0.6,0.6,0.6,0.6,0.6,0.6,0.6,0.6,0.6,0.6,0.6,0.6,0.6,0.6,0.6,0.6,0.6,0.6,0.6,0.6
0.6,0.6,0.6,0.6,0.6,0.6,0.6,0.6,0.6,0.6,0.6,0.6,0.6,0.6,0.6,0.6,0.6,0.6,0.6,0.6,0.6,0.6,0.6,0.6,0.6,0.6,0.6,0.6,0.6,0.6,0.6,0.6,0.6,0.6,0.6,0.6,0.6,0.6,0.6,0.6,0.6,0.6,0.6,0.6,0.6,0.6,0.6,0.6,0.6,0.6,0.6,0.6,0.6,0.6,0.6,0.6,0.6,0.6,0.6,0.6,0.6,0.6,0.6,0.6,0.6,0.6,0.6,0.6,0.6,0.6,0.6,0.6,0.6,0.6,0.6,0.6,0.6,0.6,0.6,0.6,0.6,0.6,0.6,0.6,0.6,0.6,0.6,0.6,0.6,0.6,0.6,0.6,0.6,0.6,0.6,0.6,0.6,0.6,0.6,0.6,0.6,0.6,0.6,0.6,0.6,0.6,0.6,0.6,0.6,0.6,0.6,0.6,0.6,0.6,0.6,0.6,0.6,0.6,0.6,0.6
0.6,0.6,0.6,0.6,0.6,0.6,0.6,0.6,0.6,0.6,0.6,0.6,0.6,0.6,0.6,0.6,0.6,0.6,0.6,0.6,0.6,0.6,0.6,0.6,0.6,0.6,0.6,0.6,0.6,0.6,0.6,0.6,0.6,0.6,0.6,0.6,0.6,0.6,0.6,0.6,0.6,0.6,0.6,0.6,0.6,0.6,0.6,0.6,0.6,0.6,0.6,0.6,0.6,0.6,0.6,0.6,0.6,0.6,0.6,0.6,0.6,0.6,0.6,0.6,0.6,0.6,0.6,0.6,0.6,0.6,0.6,0.6,0.6,0.6,0.6,0.6,0.6,0.6,0.6,0.6,0.6,0.6,0.6,0.6,0.6,0.6,0.6,0.6,0.6,0.6,0.6,0.6,0.6,0.6,0.6,0.6,0.6,0.6,0.6,0.6,0.6,0.6,0.6,0.6,0.6,0.6,0.6,0.6,0.6,0.6,0.6,0.6,0.6,0.6,0.6,0.6,0.6,0.6,0.6,0.6
0.6,0.6,0.6,0.6,0.6,0.6,0.6,0.6,0.6,0.6,0.6,0.6,0.6,0.6,0.6,0.6,0.6,0.6,0.6,0.6,0.6,0.6,0.6,0.6,0.6,0.6,0.6,0.6,0.6,0.6,0.6,0.6,0.6,0.6,0.6,0.6,0.6,0.6,0.6,0.6,0.6,0.6,0.6,0.6,0.6,0.6,0.6,0.6,0.6,0.6,0.6,0.6,0.6,0.6,0.6,0.6,0.6,0.6,0.6,0.6,0.6,0.6,0.6,0.6,0.6,0.6,0.6,0.6,0.6,0.6,0.6,0.6,0.6,0.6,0.6,0.6,0.6,0.6,0.6,0.6,0.6,0.6,0.6,0.6,0.6,0.6,0.6,0.6,0.6,0.6,0.6,0.6,0.6,0.6,0.6,0.6,0.6,0.6,0.6,0.6,0.6,0.6,0.6,0.6,0.6,0.6,0.6,0.6,0.6,0.6,0.6,0.6,0.6,0.6,0.6,0.6,0.6,0.6,0.6,0.6
0.6,0.6,0.6,0.6,0.6,0.6,0.6,0.6,0.6,0.6,0.6,0.6,0.6,0.6,0.6,0.6,0.6,0.6,0.6,0.6,0.6,0.6,0.6,0.6,0.6,0.6,0.6,0.6,0.6,0.6,0.6,0.6,0.6,0.6,0.6,0.6,0.6,0.6,0.6,0.6,0.6,0.6,0.6,0.6,0.6,0.6,0.6,0.6,0.6,0.6,0.6,0.6,0.6,0.6,0.6,0.6,0.6,0.6,0.6,0.6,1.0021987,1.0021987,1.0021987,1.0021987,0.6,0.6,0.6,0.6,0.6,0.6,0.6,0.6,0.6,0.6,0.6,0.6,0.6,0.6,0.6,0.6,0.6,0.6,0.6,0.6,0.6,0.6,0.6,0.6,0.6,0.6,0.6,0.6,0.6,0.6,0.6,0.6,0.6,0.6,0.6,0.6,0.6,0.6,0.6,0.6,0.6,0.6,0.6,0.6,0.6,0.6,0.6,0.6,0.6,0.6,0.6,0.6,0.6,0.6,0.6,0.6
0.6,0.6,0.6,0.6,0.6,0.6,0.6,0.6,0.6,0.6,0.6,0.6,0.6,0.6,0.6,0.6,0.6,0.6,0.6,0.6,0.6,0.6,0.6,0.6,0.6,0.6,0.6,0.6,0.6,0.6,0.6,0.6,0.6,0.6,0.6,0.6,0.6,0.6,0.6,0.6,0.6,0.6,0.6,0.6,0.6,0.6,0.6,0.6,0.6,0.6,0.6,0.6,0.6,0.6,0.6,0.6,0.6,0.6,0.6,0.6,1.0021987,1.0021987,1.0021987,1.0021987,0.6,0.6,0.6,0.6,0.6,0.6,0.6,0.6,0.6,0.6,0.6,0.6,0.6,0.6,0.6,0.6,0.6,0.6,0.6,0.6,0.6,0.6,0.6,0.6,0.6,0.6,0.6,0.6,0.6,0.6,0.6,0.6,0.6,0.6,0.6,0.6,0.6,0.6,0.6,0.6,0.6,0.6,0.6,0.6,0.6,0.6,0.6,0.6,0.6,0.6,0.6,0.6,0.6,0.6,0.6,0.6
0.6,0.6,0.6,0.6,0.6,0.6,0.6,0.6,0.6,0.6,0.6,0.6,0.6,0.6,0.6,0.6,0.6,0.6,0.6,0.6,0.6,0.6,0.6,0.6,0.6,0.6,0.6,0.6,0.6,0.6,0.6,0.6,0.6,0.6,0.6,0.6,0.6,0.6,0.6,0.6,0.6,0.6,0.6,0.6,0.6,0.6,0.6,0.6,0.6,0.6,0.6,0.6,0.6,0.6,0.6,0.6,0.6,0.6,0.6,0.6,1.0021987,1.0021987,1.0021987,1.0021987,0.6,0.6,0.6,0.6,0.6,0.6,0.6,0.6,0.6,0.6,0.6,0.6,0.6,0.6,0.6,0.6,0.6,0.6,0.6,0.6,0.6,0.6,0.6,0.6,0.6,0.6,0.6,0.6,0.6,0.6,0.6,0.6,0.6,0.6,0.6,0.6,0.6,0.6,0.6,0.6,0.6,0.6,0.6,0.6,0.6,0.6,0.6,0.6,0.6,0.6,0.6,0.6,0.6,0.6,0.6,0.6
0.6,0.6,0.6,0.6,0.6,0.6,0.6,0.6,0.6,0.6,0.6,0.6,0.6,0.6,0.6,0.6,0.6,0.6,0.6,0.6,0.6,0.6,0.6,0.6,0.6,0.6,0.6,0.6,0.6,0.6,0.6,0.6,0.6,0.6,0.6,0.6,0.6,0.6,0.6,0.6,0.6,0.6,0.6,0.6,0.6,0.6,0.6,0.6,0.6,0.6,0.6,0.6,0.6,0.6,0.6,0.6,0.6,0.6,0.6,0.6,1.0021987,1.0021987,1.0021987,1.0021987,0.6,0.6,0.6,0.6,0.6,0.6,0.6,0.6,0.6,0.6,0.6,0.6,0.6,0.6,0.6,0.6,0.6,0.6,0.6,0.6,0.6,0.6,0.6,0.6,0.6,0.6,0.6,0.6,0.6,0.6,0.6,0.6,0.6,0.6,0.6,0.6,0.6,0.6,0.6,0.6,0.6,0.6,0.6,0.6,0.6,0.6,0.6,0.6,0.6,0.6,0.6,0.6,0.6,0.6,0.6,0.6
0.6,0.6,0.6,0.6,0.6,0.6,0.6,0.6,0.6,0.6,0.6,0.6,0.6,0.6,0.6,0.6,0.6,0.6,0.6,0.6,0.6,0.6,0.6,0.6,0.6,0.6,0.6,0.6,0.6,0.6,0.6,0.6,0.6,0.6,0.6,0.6,0.6,0.6,0.6,0.6,0.6,0.6,0.6,0.6,0.6,0.6,0.6,0.6,0.6,0.6,0.6,0.6,0.6,0.6,0.6,0.6,0.6,0.6,0.6,0.6,1.4822628,1.4822628,1.4822628,1.4822628,0.6,0.6,0.6,0.6,0.6,0.6,0.6,0.6,0.6,0.6,0.6,0.6,0.6,0.6,0.6,0.6,0.6,0.6,0.6,0.6,0.6,0.6,0.6,0.6,0.6,0.6,0.6,0.6,0.6,0.6,0.6,0.6,0.6,0.6,0.6,0.6,0.6,0.6,0.6,0.6,0.6,0.6,0.6,0.6,0.6,0.6,0.6,0.6,0.6,0.6,0.6,0.6,0.6,0.6,0.6,0.6
0.6,0.6,0.6,0.6,0.6,0.6,0.6,0.6,0.6,0.6,0.6,0.6,0.6,0.6,0.6,0.6,0.6,0.6,0.6,0.6,0.6,0.6,0.6,0.6,0.6,0.6,0.6,0.6,0.6,0.6,0.6,0.6,0.6,0.6,0.6,0.6,0.6,0.6,0.6,0.6,0.6,0.6,0.6,0.6,0.6,0.6,0.6,0.6,0.6,0.6,0.6,0.6,0.6,0.6,0.6,0.6,0.6,0.6,0.6,0.6,1.4822628,1.4822628,1.4822628,1.4822628,0.6,0.6,0.6,0.6,0.6,0.6,0.6,0.6,0.6,0.6,0.6,0.6,0.6,0.6,0.6,0.6,0.6,0.6,0.6,0.6,0.6,0.6,0.6,0.6,0.6,0.6,0.6,0.6,0.6,0.6,0.6,0.6,0.6,0.6,0.6,0.6,0.6,0.6,0.6,0.6,0.6,0.6,0.6,0.6,0.6,0.6,0.6,0.6,0.6,0.6,0.6,0.6,0.6,0.6,0.6,0.6
0.6,0.6,0.6,0.6,0.6,0.6,0.6,0.6,0.6,0.6,0.6,0.6,0.6,0.6,0.6,0.6,0.6,0.6,0.6,0.6,0.6,0.6,0.6,0.6,0.6,0.6,0.6,0.6,0.6,0.6,0.6,0.6,0.6,0.6,0.6,0.6,0.6,0.6,0.6,0.6,0.6,0.6,0.6,0.6,0.6,0.6,0.6,0.6,0.6,0.6,0.6,0.6,0.6,0.6,0.6,0.6,0.6,0.6,0.6,0.6,1.4822628,1.4822628,1.4822628,1.4822628,0.6,0.6,0.6,0.6,0.6,0.6,0.6,0.6,0.6,0.6,0.6,0.6,0.6,0.6,0.6,0.6,0.6,0.6,0.6,0.6,0.6,0.6,0.6,0.6,0.6,0.6,0.6,0.6,0.6,0.6,0.6,0.6,0.6,0.6,0.6,0.6,0.6,0.6,0.6,0.6,0.6,0.6,0.6,0.6,0.6,0.6,0.6,0.6,0.6,0.6,0.6,0.6,0.6,0.6,0.6,0.6
0.6,0.6,0.6,0.6,0.6,0.6,0.6,0.6,0.6,0.6,0.6,0.6,0.6,0.6,0.6,0.6,0.6,0.6,0.6,0.6,0.6,0.6,0.6,0.6,0.6,0.6,0.6,0.6,0.6,0.6,0.6,0.6,0.6,0.6,0.6,0.6,0.6,0.6,0.6,0.6,0.6,0.6,0.6,0.6,0.6,0.6,0.6,0.6,0.6,0.6,0.6,0.6,0.6,0.6,0.6,0.6,0.6,0.6,0.6,0.6,1.4822628,1.4822628,1.4822628,1.4822628,0.6,0.6,0.6,0.6,0.6,0.6,0.6,0.6,0.6,0.6,0.6,0.6,0.6,0.6,0.6,0.6,0.6,0.6,0.6,0.6,0.6,0.6,0.6,0.6,0.6,0.6,0.6,0.6,0.6,0.6,0.6,0.6,0.6,0.6,0.6,0.6,0.6,0.6,0.6,0.6,0.6,0.6,0.6,0.6,0.6,0.6,0.6,0.6,0.6,0.6,0.6,0.6,0.6,0.6,0.6,0.6
0.6,0.6,0.6,0.6,0.6,0.6,0.6,0.6,0.64542997,0.64542997,0.64542997,0.64542997,1.0019557,1.0019557,1.0019557,1.0019557,0.6,0.6,0.6,0.6,0.6,0.6,0.6,0.6,0.6,0.6,0.6,0.6,0.6,0.6,0.6,0.6,0.6,0.6,0.6,0.6,0.6,0.6,0.6,0.6,1.0247172,1.0247172,1.0247172,1.0247172,0.6,0.6,0.6,0.6,1.0510738,1.0510738,1.0510738,1.0510738,0.8765272,0.8765272,0.8765272,0.8765272,0.6,0.6,0.6,0.6,1.71231,1.71231,1.71231,1.71231,0.6,0.6,0.6,0.6,0.6249151,0.6249151,0.6249151,0.6249151,0.6,0.6,0.6,0.6,0.6,0.6,0.6,0.6,0.6,0.6,0.6,0.6,0.6,0.6,0.6,0.6,0.6,0.6,0.6,0.6,0.6,0.6,0.6,0.6,0.6,0.6,0.6,0.6,0.6,0.6,0.6,0.6,0.6,0.6,0.6,0.6,0.6,0.6,0.6,0.6,0.6,0.6,0.6,0.6,0.6,0.6,0.6,0.6
0.6,0.6,0.6,0.6,0.6,0.6,0.6,0.6,0.64542997,0.64542997,0.64542997,0.64542997,1.0019557,1.0019557,1.0019557,1.0019557,0.6,0.6,0.6,0.6,0.6,0.6,0.6,0.6,0.6,0.6,0.6,0.6,0.6,0.6,0.6,0.6,0.6,0.6,0.6,0.6,0.6,0.6,0.6,0.6,1.0247172,1.0247172,1.0247172,1.0247172,0.6,0.6,0.6,0.6,1.0510738,1.0510738,1.0510738,1.0510738,0.8765272,0.8765272,0.8765272,0.8765272,0.6,0.6,0.6,0.6,1.71231,1.71231,1.71231,1.71231,0.6,0.6,0.6,0.6,0.6249151,0.6249151,0.6249151,0.6249151,0.6,0.6,0.6,0.6,0.6,0.6,0.6,0.6,0.6,0.6,0.6,0.6,0.6,0.6,0.6,0.6,0.6,0.6,0.6,0.6,0.6,0.6,0.6,0.6,0.6,0.6,0.6,0.6,0.6,0.6,0.6,0.6,0.6,0.6,0.6,0.6,0.6,0.6,0.6,0.6,0.6,0.6,0.6,0.6,0.6,0.6,0.6,0.6
0.6,0.6,0.6,0.6,0.6,0.6,0.6,0.6,0.64542997,0.64542997,0.64542997,0.64542997,1.0019557,1.0019557,1.0019557,1.0019557,0.6,0.6,0.6,0.6,0.6,0.6,0.6,0.6,0.6,0.6,0.6,0.6,0.6,0.6,0.6,0.6,0.6,0.6,0.6,0.6,0.6,0.6,0.6,0.6,1.0247172,1.0247172,1.0247172,1.0247172,0.6,0.6,0.6,0.6,1.0510738,1.0510738,1.0510738,1.0510738,0.8765272,0.8765272,0.8765272,0.8765272,0.6,0.6,0.6,0.6,1.71231,1.71231,1.71231,1.71231,0.6,0.6,0.6,0.6,0.6249151,0.6249151,0.6249151,0.6249151,0.6,0.6,0.6,0.6,0.6,0.6,0.6,0.6,0.6,0.6,0.6,0.6,0.6,0.6,0.6,0.6,0.6,0.6,0.6,0.6,0.6,0.6,0.6,0.6,0.6,0.6,0.6,0.6,0.6,0.6,0.6,0.6,0.6,0.6,0.6,0.6,0.6,0.6,0.6,0.6,0.6,0.6,0.6,0.6,0.6,0.6,0.6,0.6
0.6,0.6,0.6,0.6,0.6,0.6,0.6,0.6,0.64542997,0.64542997,0.64542997,0.64542997,1.0019557,1.0019557,1.0019557,1.0019557,0.6,0.6,0.6,0.6,0.6,0.6,0.6,0.6,0.6,0.6,0.6,0.6,0.6,0.6,0.6,0.6,0.6,0.6,0.6,0.6,0.6,0.6,0.6,0.6,1.0247172,1.0247172,1.0247172,1.0247172,0.6,0.6,0.6,0.6,1.0510738,1.0510738,1.0510738,1.0510738,0.8765272,0.8765272,0.8765272,0.8765272,0.6,0.6,0.6,0.6,1.71231,1.71231,1.71231,1.71231,0.6,0.6,0.6,0.6,0.6249151,0.6249151,0.6249151,0.6249151,0.6,0.6,0.6,0.6,0.6,0.6,0.6,0.6,0.6,0.6,0.6,0.6,0.6,0.6,0.6,0.6,0.6,0.6,0.6,0.6,0.6,0.6,0.6,0.6,0.6,0.6,0.6,0.6,0.6,0.6,0.6,0.6,0.6,0.6,0.6,0.6,0.6,0.6,0.6,0.6,0.6,0.6,0.6,0.6,0.6,0.6,0.6,0.6
1.3433776,1.3433776,1.3433776,1.3433776,1.4746237,1.4746237,1.4746237,1.4746237,1.3819662,1.3819662,1.3819662,1.3819662,1.3104998,1.3104998,1.3104998,1.3104998,1.7603214,1.7603214,1.7603214,1.7603214,1.7028737,1.7028737,1.7028737,1.7028737,1.8761307,1.8761307,1.8761307,1.8761307,1.3819761,1.3819761,1.3819761,1.3819761,1.7578202,1.7578202,1.7578202,1.7578202,2.0030417,2.0030417,2.0030417,2.0030417,1.3415583,1.3415583,1.3415583,1.3415583,1.5241245,1.5241245,1.5241245,1.5241245,2.0258954,2.0258954,2.0258954,2.0258954,2.2014766,2.2014766,2.2014766,2.2014766,1.8725457,1.8725457,1.8725457,1.8725457,2.8694901,2.8694901,2.8694901,2.8694901,2.427119,2.427119,2.427119,2.427119,2.0194929,2.0194929,2.0194929,2.0194929,1.590403,1.590403,1.590403,1.590403,1.4256381,1.4256381,1.4256381,1.4256381,1.4239062,1.4239062,1.4239062,1.4239062,1.383389,1.383389,1.383389,1.383389,1.2701579,1.2701579,1.2701579,1.2701579,1.382537,1.382537,1.382537,1.382537,1.0401305,1.0401305,1.0401305,1.0401305,1.1710328,1.1710328,1.1710328,1.1710328,1.1060587,1.1060587,1.1060587,1.1060587,1.0493672,1.0493672,1.0493672,1.0493672,0.8423663,0.8423663,0.8423663,0.8423663,0.8619464,0.8619464,0.8619464,0.8619464
1.3433776,1.3433776,1.3433776,1.3433776,1.4746237,1.4746237,1.4746237,1.4746237,1.3819662,1.3819662,1.3819662,1.3819662,1.3104998,1.3104998,1.3104998,1.3104998,1.7603214,1.7603214,1.7603214,1.7603214,1.7028737,1.7028737,1.7028737,1.7028737,1.8761307,1.8761307,1.8761307,1.8761307,1.3819761,1.3819761,1.3819761,1.3819761,1.7578202,1.7578202,1.7578202,1.7578202,2.0030417,2.0030417,2.0030417,2.0030417,1.3415583,1.3415583,1.3415583,1.3415583,1.5241245,1.5241245,1.5241245,1.5241245,2.0258954,2.0258954,2.0258954,2.0258954,2.2014766,2.2014766,2.2014766,2.2014766,1.8725457,1.8725457,1.8725457,1.8725457,2.8694901,2.8694901,2.8694901,2.8694901,2.427119,2.427119,2.427119,2.427119,2.0194929,2.0194929,2.0194929,2.0194929,1.590403,1.590403,1.590403,1.590403,1.4256381,1.4256381,1.4256381,1.4256381,1.4239062,1.4239062,1.4239062,1.4239062,1.383389,1.383389,1.383389,1.383389,1.2701579,1.2701579,1.2701579,1.2701579,1.382537,1.382537,1.382537,1.382537,1.0401305,1.0401305,1.0401305,1.0401305,1.1710328,1.1710328,1.1710328,1.1710328,1.1060587,1.1060587,1.1060587,1.1060587,1.0493672,1.0493672,1.0493672,1.0493672,0.8423663,0.8423663,0.8423663,0.8423663,0.8619464,0.8619464,0.8619464,0.8619464
1.3433776,1.3433776,1.3433776,1.3433776,1.4746237,1.4746237,1.4746237,1.4746237,1.3819662,1.3819662,1.3819662,1.3819662,1.3104998,1.3104998,1.3104998,1.3104998,1.7603214,1.7603214,1.7603214,1.7603214,1.7028737,1.7028737,1.7028737,1.7028737,1.8761307,1.8761307,1.8761307,1.8761307,1.3819761,1.3819761,1.3819761,1.3819761,1.7578202,1.7578202,1.7578202,1.7578202,2.0030417,2.0030417,2.0030417,2.0030417,1.3415583,1.3415583,1.3415583,1.3415583,1.5241245,1.5241245,1.5241245,1.5241245,2.0258954,2.0258954,2.0258954,2.0258954,2.2014766,2.2014766,2.2014766,2.2014766,1.8725457,1.8725457,1.8725457,1.8725457,2.8694901,2.8694901,2.8694901,2.8694901,2.427119,2.427119,2.427119,2.427119,2.0194929,2.0194929,2.0194929,2.0194929,1.590403,1.590403,1.590403,1.590403,1.4256381,1.4256381,1.4256381,1.4256381,1.4239062,1.4239062,1.4239062,1.4239062,1.383389,1.383389,1.383389,1.383389,1.2701579,1.2701579,1.2701579,1.2701579,1.382537,1.382537,1.382537,1.382537,1.0401305,1.0401305,1.0401305,1.0401305,1.1710328,1.1710328,1.1710328,1.1710328,1.1060587,1.1060587,1.1060587,1.1060587,1.0493672,1.0493672,1.0493672,1.0493672,0.8423663,0.8423663,0.8423663,0.8423663,0.8619464,0.8619464,0.8619464,0.8619464
1.3433776,1.3433776,1.3433776,1.3433776,1.4746237,1.4746237,1.4746237,1.4746237,1.3819662,1.3819662,1.3819662,1.3819662,1.3104998,1.3104998,1.3104998,1.3104998,1.7603214,1.7603214,1.7603214,1.7603214,1.7028737,1.7028737,1.7028737,1.7028737,1.8761307,1.8761307,1.8761307,1.8761307,1.3819761,1.3819761,1.3819761,1.3819761,1.7578202,1.7578202,1.7578202,1.7578202,2.0030417,2.0030417,2.0030417,2.0030417,1.3415583,1.3415583,1.3415583,1.3415583,1.5241245,1.5241245,1.5241245,1.5241245,2.0258954,2.0258954,2.0258954,2.0258954,2.2014766,2.2014766,2.2014766,2.2014766,1.8725457,1.8725457,1.8725457,1.8725457,2.8694901,2.8694901,2.8694901,2.8694901,2.427119,2.427119,2.427119,2.427119,2.0194929,2.0194929,2.0194929,2.0194929,1.590403,1.590403,1.590403,1.590403,1.4256381,1.4256381,1.4256381,1.4256381,1.4239062,1.4239062,1.4239062,1.4239062,1.383389,1.383389,1.383389,1.383389,1.2701579,1.2701579,1.2701579,1.2701579,1.382537,1.382537,1.382537,1.382537,1.0401305,1.0401305,1.0401305,1.0401305,1.1710328,1.1710328,1.1710328,1.1710328,1.1060587,1.1060587,1.1060587,1.1060587,1.0493672,1.0493672,1.0493672,1.0493672,0.8423663,0.8423663,0.8423663,0.8423663,0.8619464,0.8619464,0.8619464,0.8619464
1.4765087,1.4765087,1.4765087,1.4765087,1.6669497,1.6669497,1.6669497,1.6669497,1.5853548,1.5853548,1.5853548,1.5853548,1.5272353,1.5272353,1.5272353,1.5272353,1.755622,1.755622,1.755622,1.755622,1.9484425,1.9484425,1.9484425,1.9484425,2.1165934,2.1165934,2.1165934,2.1165934,2.3170028,2.3170028,2.3170028,2.3170028,2.5024056,2.5024056,2.5024056,2.5024056,2.2479284,2.2479284,2.2479284,2.2479284,2.4863498,2.4863498,2.4863498,2.4863498,2.9056358,2.9056358,2.9056358,2.9056358,2.190582,2.190582,2.190582,2.190582,2.50189,2.50189,2.50189,2.50189,2.8533678,2.8533678,2.8533678,2.8533678,3.0,3.0,3.0,3.0,3.0,3.0,3.0,3.0,2.226893,2.226893,2.226893,2.226893,2.2961428,2.2961428,2.2961428,2.2961428,2.1208396,2.1208396,2.1208396,2.1208396,2.119215,2.119215,2.119215,2.119215,2.4325936,2.4325936,2.4325936,2.4325936,2.010937,2.010937,2.010937,2.010937,2.2024133,2.2024133,2.2024133,2.2024133,2.202972,2.202972,2.202972,2.202972,1.6275167,1.6275167,1.6275167,1.6275167,1.6239794,1.6239794,1.6239794,1.6239794,1.7522316,1.7522316,1.7522316,1.7522316,1.9099718,1.9099718,1.9099718,1.9099718,1.8269192,1.8269192,1.8269192,1.8269192
1.4765087,1.4765087,1.4765087,1.4765087,1.6669497,1.6669497,1.6669497,1.6669497,1.5853548,1.5853548,1.5853548,1.5853548,1.5272353,1.5272353,1.5272353,1.5272353,1.755622,1.755622,1.755622,1.755622,1.9484425,1.9484425,1.9484425,1.9484425,2.1165934,2.1165934,2.1165934,2.1165934,2.3170028,2.3170028,2.3170028,2.3170028,2.5024056,2.5024056,2.5024056,2.5024056,2.2479284,2.2479284,2.2479284,2.2479284,2.4863498,2.4863498,2.4863498,2.4863498,2.9056358,2.9056358,2.9056358,2.9056358,2.190582,2.190582,2.190582,2.190582,2.50189,2.50189,2.50189,2.50189,2.8533678,2.8533678,2.8533678,2.8533678,3.0,3.0,3.0,3.0,3.0,3.0,3.0,3.0,2.226893,2.226893,2.226893,2.226893,2.2961428,2.2961428,2.2961428,2.2961428,2.1208396,2.1208396,2.1208396,2.1208396,2.119215,2.119215,2.119215,2.119215,2.4325936,2.4325936,2.4325936,2.4325936,2.010937,2.010937,2.010937,2.010937,2.2024133,2.2024133,2.2024133,2.2024133,2.202972,2.202972,2.202972,2.202972,1.6275167,1.6275167,1.6275167,1.6275167,1.6239794,1.6239794,1.6239794,1.6239794,1.7522316,1.7522316,1.7522316,1.7522316,1.9099718,1.9099718,1.9099718,1.9099718,1.8269192,1.8269192,1.8269192,1.8269192
1.4765087,1.4765087,1.4765087,1.4765087,1.6669497,1.6669497,1.6669497,1.6669497,1.5853548,1.5853548,1.5853548,1.5853548,1.5272353,1.5272353,1.5272353,1.5272353,1.755622,1.755622,1.755622,1.755622,1.9484425,1.9484425,1.9484425,1.9484425,2.1165934,2.1165934,2.1165934,2.1165934,2.3170028,2.3170028,2.3170028,2.3170028,2.5024056,2.5024056,2.5024056,2.5024056,2.2479284,2.2479284,2.2479284,2.2479284,2.4863498,2.4863498,2.4863498,2.4863498,2.9056358,2.9056358,2.9056358,2.9056358,2.190582,2.190582,2.190582,2.190582,2.50189,2.50189,2.50189,2.50189,2.8533678,2.8533678,2.8533678,2.8533678,3.0,3.0,3.0,3.0,3.0,3.0,3.0,3.0,2.226893,2.226893,2.226893,2.226893,2.2961428,2.2961428,2.2961428,2.2961428,2.1208396,2.1208396,2.1208396,2.1208396,2.119215,2.119215,2.119215,2.119215,2.4325936,2.4325936,2.4325936,2.4325936,2.010937,2.010937,2.010937,2.010937,2.2024133,2.2024133,2.2024133,2.2024133,2.202972,2.202972,2.202972,2.202972,1.6275167,1.6275167,1.6275167,1.6275167,1.6239794,1.6239794,1.6239794,1.6239794,1.7522316,1.7522316,1.7522316,1.7522316,1.9099718,1.9099718,1.9099718,1.9099718,1.8269192,1.8269192,1.8269192,1.8269192
1.4765087,1.4765087,1.4765087,1.4765087,1.6669497,1.6669497,1.6669497,1.6669497,1.5853548,1.5853548,1.5853548,1.5853548,1.5272353,1.5272353,1.5272353,1.5272353,1.755622,1.755622,1.755622,1.755622,1.9484425,1.9484425,1.9484425,1.9484425,2.1165934,2.1165934,2.1165934,2.1165934,2.3170028,2.3170028,2.3170028,2.3170028,2.5024056,2.5024056,2.5024056,2.5024056,2.2479284,2.2479284,2.2479284,2.2479284,2.4863498,2.4863498,2.4863498,2.4863498,2.9056358,2.9056358,2.9056358,2.9056358,2.190582,2.190582,2.190582,2.190582,2.50189,2.50189,2.50189,2.50189,2.8533678,2.8533678,2.8533678,2.8533678,3.0,3.0,3.0,3.0,3.0,3.0,3.0,3.0,2.226893,2.226893,2.226893,2.226893,2.2961428,2.2961428,2.2961428,2.2961428,2.1208396,2.1208396,2.1208396,2.1208396,2.119215,2.119215,2.119215,2.119215,2.4325936,2.4325936,2.4325936,2.4325936,2.010937,2.010937,2.010937,2.010937,2.2024133,2.2024133,2.2024133,2.2024133,2.202972,2.202972,2.202972,2.202972,1.6275167,1.6275167,1.6275167,1.6275167,1.6239794,1.6239794,1.6239794,1.6239794,1.7522316,1.7522316,1.7522316,1.7522316,1.9099718,1.9099718,1.9099718,1.9099718,1.8269192,1.8269192,1.8269192,1.8269192
1.8386536,1.8386536,1.8386536,1.8386536,1.609506,1.609506,1.609506,1.609506,1.6086997,1.6086997,1.6086997,1.6086997,2.0197415,2.0197415,2.0197415,2.0197415,2.0977979,2.0977979,2.0977979,2.0977979,2.308686,2.308686,2.308686,2.308686,2.3403049,2.3403049,2.3403049,2.3403049,2.27831,2.27831,2.27831,2.27831,2.240413,2.240413,2.240413,2.240413,2.3962333,2.3962333,2.3962333,2.3962333,2.5241244,2.5241244,2.5241244,2.5241244,2.213321,2.213321,2.213321,2.213321,2.7434108,2.7434108,2.7434108,2.7434108,2.445895,2.445895,2.445895,2.445895,3.0,3.0,3.0,3.0,3.0,3.0,3.0,3.0,2.8085973,2.8085973,2.8085973,2.8085973,3.0,3.0,3.0,3.0,3.0,3.0,3.0,3.0,3.0,3.0,3.0,3.0,2.498115,2.498115,2.498115,2.498115,2.8418372,2.8418372,2.8418372,2.8418372,2.4679704,2.4679704,2.4679704,2.4679704,2.547512,2.547512,2.547512,2.547512,2.4156065,2.4156065,2.4156065,2.4156065,2.5869215,2.5869215,2.5869215,2.5869215,2.2067022,2.2067022,2.2067022,2.2067022,2.3217506,2.3217506,2.3217506,2.3217506,1.9505191,1.9505191,1.9505191,1.9505191,1.7629517,1.7629517,1.7629517,1.7629517
1.8386536,1.8386536,1.8386536,1.8386536,1.609506,1.609506,1.609506,1.609506,1.6086997,1.6086997,1.6086997,1.6086997,2.0197415,2.0197415,2.0197415,2.0197415,2.0977979,2.0977979,2.0977979,2.0977979,2.308686,2.308686,2.308686,2.308686,2.3403049,2.3403049,2.3403049,2.3403049,2.27831,2.27831,2.27831,2.27831,2.240413,2.240413,2.240413,2.240413,2.3962333,2.3962333,2.3962333,2.3962333,2.5241244,2.5241244,2.5241244,2.5241244,2.213321,2.213321,2.213321,2.213321,2.7434108,2.7434108,2.7434108,2.7434108,2.445895,2.445895,2.445895,2.445895,3.0,3.0,3.0,3.0,3.0,3.0,3.0,3.0,2.8085973,2.8085973,2.8085973,2.8085973,3.0,3.0,3.0,3.0,3.0,3.0,3.0,3.0,3.0,3.0,3.0,3.0,2.498115,2.498115,2.498115,2.498115,2.8418372,2.8418372,2.8418372,2.8418372,2.4679704,2.4679704,2.4679704,2.4679704,2.547512,2.547512,2.547512,2.547512,2.4156065,2.4156065,2.4156065,2.4156065,2.5869215,2.5869215,2.5869215,2.5869215,2.2067022,2.2067022,2.2067022,2.2067022,2.3217506,2.3217506,2.3217506,2.3217506,1.9505191,1.9505191,1.9505191,1.9505191,1.7629517,1.7629517,1.7629517,1.7629517
1.8386536,1.8386536,1.8386536,1.8386536,1.609506,1.609506,1.609506,1.609506,1.6086997,1.6086997,1.6086997,1.6086997,2.0197415,2.0197415,2.0197415,2.0197415,2.0977979,2.0977979,2.0977979,2.0977979,2.308686,2.308686,2.308686,2.308686,2.3403049,2.3403049,2.3403049,2.3403049,2.27831,2.27831,2.27831,2.27831,2.240413,2.240413,2.240413,2.240413,2.3962333,2.3962333,2.3962333,2.3962333,2.5241244,2.5241244,2.5241244,2.5241244,2.213321,2.213321,2.213321,2.213321,2.7434108,2.7434108,2.7434108,2.7434108,2.445895,2.445895,2.445895,2.445895,3.0,3.0,3.0,3.0,3.0,3.0,3.0,3.0,2.8085973,2.8085973,2.8085973,2.8085973,3.0,3.0,3.0,3.0,3.0,3.0,3.0,3.0,3.0,3.0,3.0,3.0,2.498115,2.498115,2.498115,2.498115,2.8418372,2.8418372,2.8418372,2.8418372,2.4679704,2.4679704,2.4679704,2.4679704,2.547512,2.547512,2.547512,2.547512,2.4156065,2.4156065,2.4156065,2.4156065,2.5869215,2.5869215,2.5869215,2.5869215,2.2067022,2.2067022,2.2067022,2.2067022,2.3217506,2.3217506,2.3217506,2.3217506,1.9505191,1.9505191,1.9505191,1.9505191,1.7629517,1.7629517,1.7629517,1.7629517
1.8386536,1.8386536,1.8386536,1.8386536,1.609506,1.609506,1.609506,1.609506,1.6086997,1.6086997,1.6086997,1.6086997,2.0197415,2.0197415,2.0197415,2.0197415,2.0977979,2.0977979,2.0977979,2.0977979,2.308686,2.308686,2.308686,2.308686,2.3403049,2.3403049,2.3403049,2.3403049,2.27831,2.27831,2.27831,2.27831,2.240413,2.240413,2.240413,2.240413,2.3962333,2.3962333,2.3962333,2.3962333,2.5241244,2.5241244,2.5241244,2.5241244,2.213321,2.213321,2.213321,2.213321,2.7434108,2.7434108,2.7434108,2.7434108,2.445895,2.445895,2.445895,2.445895,3.0,3.0,3.0,3.0,3.0,3.0,3.0,3.0,2.8085973,2.8085973,2.8085973,2.8085973,3.0,3.0,3.0,3.0,3.0,3.0,3.0,3.0,3.0,3.0,3.0,3.0,2.498115,2.498115,2.498115,2.498115,2.8418372,2.8418372,2.8418372,2.8418372,2.4679704,2.4679704,2.4679704,2.4679704,2.547512,2.547512,2.547512,2.547512,2.4156065,2.4156065,2.4156065,2.4156065,2.5869215,2.5869215,2.5869215,2.5869215,2.2067022,2.2067022,2.2067022,2.2067022,2.3217506,2.3217506,2.3217506,2.3217506,1.9505191,1.9505191,1.9505191,1.9505191,1.7629517,1.7629517,1.7629517,1.7629517
1.283442,1.283442,1.283442,1.283442,1.5665203,1.5665203,1.5665203,1.5665203,1.6102245,1.6102245,1.6102245,1.6102245,1.8468614,1.8468614,1.8468614,1.8468614,2.2987962,2.2987962,2.2987962,2.2987962,2.2136104,2.2136104,2.2136104,2.2136104,2.2978885,2.2978885,2.2978885,2.2978885,2.0694246,2.0694246,2.0694246,2.0694246,1.9160599,1.9160599,1.9160599,1.9160599,2.3848083,2.3848083,2.3848083,2.3848083,2.1027982,2.1027982,2.1027982,2.1027982,2.4048307,2.4048307,2.4048307,2.4048307,1.7264062,1.7264062,1.7264062,1.7264062,2.2866793,2.2866793,2.2866793,2.2866793,2.9295452,2.9295452,2.9295452,2.9295452,3.0,3.0,3.0,3.0,2.1595201,2.1595201,2.1595201,2.1595201,2.493167,2.493167,2.493167,2.493167,3.0,3.0,3.0,3.0,2.5210714,2.5210714,2.5210714,2.5210714,2.6132324,2.6132324,2.6132324,2.6132324,2.4413807,2.4413807,2.4413807,2.4413807,1.581723,1.581723,1.581723,1.581723,2.098262,2.098262,2.098262,2.098262,2.48711,2.48711,2.48711,2.48711,2.1876018,2.1876018,2.1876018,2.1876018,1.771976,1.771976,1.771976,1.771976,1.8266569,1.8266569,1.8266569,1.8266569,2.0534935,2.0534935,2.0534935,2.0534935,1.8695576,1.8695576,1.8695576,1.8695576
1.283442,1.283442,1.283442,1.283442,1.5665203,1.5665203,1.5665203,1.5665203,1.6102245,1.6102245,1.6102245,1.6102245,1.8468614,1.8468614,1.8468614,1.8468614,2.2987962,2.2987962,2.2987962,2.2987962,2.2136104,2.2136104,2.2136104,2.2136104,2.2978885,2.2978885,2.2978885,2.2978885,2.0694246,2.0694246,2.0694246,2.0694246,1.9160599,1.9160599,1.9160599,1.9160599,2.3848083,2.3848083,2.3848083,2.3848083,2.1027982,2.1027982,2.1027982,2.1027982,2.4048307,2.4048307,2.4048307,2.4048307,1.7264062,1.7264062,1.7264062,1.7264062,2.2866793,2.2866793,2.2866793,2.2866793,2.9295452,2.9295452,2.9295452,2.9295452,3.0,3.0,3.0,3.0,2.1595201,2.1595201,2.1595201,2.1595201,2.493167,2.493167,2.493167,2.493167,3.0,3.0,3.0,3.0,2.5210714,2.5210714,2.5210714,2.5210714,2.6132324,2.6132324,2.6132324,2.6132324,2.4413807,2.4413807,2.4413807,2.4413807,1.581723,1.581723,1.581723,1.581723,2.098262,2.098262,2.098262,2.098262,2.48711,2.48711,2.48711,2.48711,2.1876018,2.1876018,2.1876018,2.1876018,1.771976,1.771976,1.771976,1.771976,1.8266569,1.8266569,1.8266569,1.8266569,2.0534935,2.0534935,2.0534935,2.0534935,1.8695576,1.8695576,1.8695576,1.8695576
1.283442,1.283442,1.283442,1.283442,1.5665203,1.5665203,1.5665203,1.5665203,1.6102245,1.6102245,1.6102245,1.6102245,1.8468614,1.8468614,1.8468614,1.8468614,2.2987962,2.2987962,2.2987962,2.2987962,2.2136104,2.2136104,2.2136104,2.2136104,2.2978885,2.2978885,2.2978885,2.2978885,2.0694246,2.0694246,2.0694246,2.0694246,1.9160599,1.9160599,1.9160599,1.9160599,2.3848083,2.3848083,2.3848083,2.3848083,2.1027982,2.1027982,2.1027982,2.1027982,2.4048307,2.4048307,2.4048307,2.4048307,1.7264062,1.7264062,1.7264062,1.7264062,2.2866793,2.2866793,2.2866793,2.2866793,2.9295452,2.9295452,2.9295452,2.9295452,3.0,3.0,3.0,3.0,2.1595201,2.1595201,2.1595201,2.1595201,2.493167,2.493167,2.493167,2.493167,3.0,3.0,3.0,3.0,2.5210714,2.5210714,2.5210714,2.5210714,2.6132324,2.6132324,2.6132324,2.6132324,2.4413807,2.4413807,2.4413807,2.4413807,1.581723,1.581723,1.581723,1.581723,2.098262,2.098262,2.098262,2.098262,2.48711,2.48711,2.48711,2.48711,2.1876018,2.1876018,2.1876018,2.1876018,1.771976,1.771976,1.771976,1.771976,1.8266569,1.8266569,1.8266569,1.8266569,2.0534935,2.0534935,2.0534935,2.0534935,1.8695576,1.8695576,1.8695576,1.8695576
1.283442,1.283442,1.283442,1.283442,1.5665203,1.5665203,1.5665203,1.5665203,1.6102245,1.6102245,1.6102245,1.6102245,1.8468614,1.8468614,1.8468614,1.8468614,2.2987962,2.2987962,2.2987962,2.2987962,2.2136104,2.2136104,2.2136104,2.2136104,2.2978885,2.2978885,2.2978885,2.2978885,2.0694246,2.0694246,2.0694246,2.0694246,1.9160599,1.9160599,1.9160599,1.9160599,2.3848083,2.3848083,2.3848083,2.3848083,2.1027982,2.1027982,2.1027982,2.1027982,2.4048307,2.4048307,2.4048307,2.4048307,1.7264062,1.7264062,1.7264062,1.7264062,2.2866793,2.2866793,2.2866793,2.2866793,2.9295452,2.9295452,2.9295452,2.9295452,3.0,3.0,3.0,3.0,2.1595201,2.1595201,2.1595201,2.1595201,2.493167,2.493167,2.493167,2.493167,3.0,3.0,3.0,3.0,2.5210714,2.5210714,2.5210714,2.5210714,2.6132324,2.6132324,2.6132324,2.6132324,2.4413807,2.4413807,2.4413807,2.4413807,1.581723,1.581723,1.581723,1.581723,2.098262,2.098262,2.098262,2.098262,2.48711,2.48711,2.48711,2.48711,2.1876018,2.1876018,2.1876018,2.1876018,1.771976,1.771976,1.771976,1.771976,1.8266569,1.8266569,1.8266569,1.8266569,2.0534935,2.0534935,2.0534935,2.0534935,1.8695576,1.8695576,1.8695576,1.8695576
1.758676,1.758676,1.758676,1.758676,1.7084398,1.7084398,1.7084398,1.7084398,1.7014306,1.7014306,1.7014306,1.7014306,1.77661,1.77661,1.77661,1.77661,2.089081,2.089081,2.089081,2.089081,1.9818497,1.9818497,1.9818497,1.9818497,1.8585708,1.8585708,1.8585708,1.8585708,1.9522712,1.9522712,1.9522712,1.9522712,1.5982363,1.5982363,1.5982363,1.5982363,1.6040196,1.6040196,1.6040196,1.6040196,1.7207427,1.7207427,1.7207427,1.7207427,2.4926307,2.4926307,2.4926307,2.4926307,1.9618542,1.9618542,1.9618542,1.9618542,2.7018468,2.7018468,2.7018468,2.7018468,2.5224855,2.5224855,2.5224855,2.5224855,2.8995004,2.8995004,2.8995004,2.8995004,2.2650847,2.2650847,2.2650847,2.2650847,1.846223,1.846223,1.846223,1.846223,2.3899436,2.3899436,2.3899436,2.3899436,2.8858094,2.8858094,2.8858094,2.8858094,1.6210409,1.6210409,1.6210409,1.6210409,2.2282555,2.2282555,2.2282555,2.2282555,2.0078776,2.0078776,2.0078776,2.0078776,2.1317315,2.1317315,2.1317315,2.1317315,1.7286913,1.7286913,1.7286913,1.7286913,2.131312,2.131312,2.131312,2.131312,1.9767832,1.9767832,1.9767832,1.9767832,1.9330205,1.9330205,1.9330205,1.9330205,1.5924335,1.5924335,1.5924335,1.5924335,1.528836,1.528836,1.528836,1.528836
1.758676,1.758676,1.758676,1.758676,1.7084398,1.7084398,1.7084398,1.7084398,1.7014306,1.7014306,1.7014306,1.7014306,1.77661,1.77661,1.77661,1.77661,2.089081,2.089081,2.089081,2.089081,1.9818497,1.9818497,1.9818497,1.9818497,1.8585708,1.8585708,1.8585708,1.8585708,1.9522712,1.9522712,1.9522712,1.9522712,1.5982363,1.5982363,1.5982363,1.5982363,1.6040196,1.6040196,1.6040196,1.6040196,1.7207427,1.7207427,1.7207427,1.7207427,2.4926307,2.4926307,2.4926307,2.4926307,1.9618542,1.9618542,1.9618542,1.9618542,2.7018468,2.7018468,2.7018468,2.7018468,2.5224855,2.5224855,2.5224855,2.5224855,2.8995004,2.8995004,2.8995004,2.8995004,2.2650847,2.2650847,2.2650847,2.2650847,1.846223,1.846223,1.846223,1.846223,2.3899436,2.3899436,2.3899436,2.3899436,2.8858094,2.8858094,2.8858094,2.8858094,1.6210409,1.6210409,1.6210409,1.6210409,2.2282555,2.2282555,2.2282555,2.2282555,2.0078776,2.0078776,2.0078776,2.0078776,2.1317315,2.1317315,2.1317315,2.1317315,1.7286913,1.7286913,1.7286913,1.7286913,2.131312,2.131312,2.131312,2.131312,1.9767832,1.9767832,1.9767832,1.9767832,1.9330205,1.9330205,1.9330205,1.9330205,1.5924335,1.5924335,1.5924335,1.5924335,1.528836,1.528836,1.528836,1.528836
1.758676,1.758676,1.758676,1.758676,1.7084398,1.7084398,1.7084398,1.7084398,1.7014306,1.7014306,1.7014306,1.7014306,1.77661,1.77661,1.77661,1.77661,2.089081,2.089081,2.089081,2.089081,1.9818497,1.9818497,1.9818497,1.9818497,1.8585708,1.8585708,1.8585708,1.8585708,1.9522712,1.9522712,1.9522712,1.9522712,1.5982363,1.5982363,1.5982363,1.5982363,1.6040196,1.6040196,1.6040196,1.6040196,1.7207427,1.7207427,1.7207427,1.7207427,2.4926307,2.4926307,2.4926307,2.4926307,1.9618542,1.9618542,1.9618542,1.9618542,2.7018468,2.7018468,2.7018468,2.7018468,2.5224855,2.5224855,2.5224855,2.5224855,2.8995004,2.8995004,2.8995004,2.8995004,2.2650847,2.2650847,2.2650847,2.2650847,1.846223,1.846223,1.846223,1.846223,2.3899436,2.3899436,2.3899436,2.3899436,2.8858094,2.8858094,2.8858094,2.8858094,1.6210409,1.6210409,1.6210409,1.6210409,2.2282555,2.2282555,2.2282555,2.2282555,2.0078776,2.0078776,2.0078776,2.0078776,2.1317315,2.1317315,2.1317315,2.1317315,1.7286913,1.7286913,1.7286913,1.7286913,2.131312,2.131312,2.131312,2.131312,1.9767832,1.9767832,1.9767832,1.9767832,1.9330205,1.9330205,1.9330205,1.9330205,1.5924335,1.5924335,1.5924335,1.5924335,1.528836,1.528836,1.528836,1.528836
1.758676,1.758676,1.758676,1.758676,1.7084398,1.7084398,1.7084398,1.7084398,1.7014306,1.7014306,1.7014306,1.7014306,1.77661,1.77661,1.77661,1.77661,2.089081,2.089081,2.089081,2.089081,1.9818497,1.9818497,1.9818497,1.9818497,1.8585708,1.8585708,1.8585708,1.8585708,1.9522712,1.9522712,1.9522712,1.9522712,1.5982363,1.5982363,1.5982363,1.5982363,1.6040196,1.6040196,1.6040196,1.6040196,1.7207427,1.7207427,1.7207427,1.7207427,2.4926307,2.4926307,2.4926307,2.4926307,1.9618542,1.9618542,1.9618542,1.9618542,2.7018468,2.7018468,2.7018468,2.7018468,2.5224855,2.5224855,2.5224855,2.5224855,2.8995004,2.8995004,2.8995004,2.8995004,2.2650847,2.2650847,2.2650847,2.2650847,1.846223,1.846223,1.846223,1.846223,2.3899436,2.3899436,2.3899436,2.3899436,2.8858094,2.8858094,2.8858094,2.8858094,1.6210409,1.6210409,1.6210409,1.6210409,2.2282555,2.2282555,2.2282555,2.2282555,2.0078776,2.0078776,2.0078776,2.0078776,2.1317315,2.1317315,2.1317315,2.1317315,1.7286913,1.7286913,1.7286913,1.7286913,2.131312,2.131312,2.131312,2.131312,1.9767832,1.9767832,1.9767832,1.9767832,1.9330205,1.9330205,1.9330205,1.9330205,1.5924335,1.5924335,1.5924335,1.5924335,1.528836,1.528836,1.528836,1.528836
1.6483057,1.6483057,1.6483057,1.6483057,1.8414948,1.8414948,1.8414948,1.8414948,1.7558624,1.7558624,1.7558624,1.7558624,1.8847276,1.8847276,1.8847276,1.8847276,1.8803104,1.8803104,1.8803104,1.8803104,1.5735757,1.5735757,1.5735757,1.5735757,2.0895884,2.0895884,2.0895884,2.0895884,2.1863797,2.1863797,2.1863797,2.1863797,1.9456693,1.9456693,1.9456693,1.9456693,1.3762083,1.3762083,1.3762083,1.3762083,1.6286975,1.6286975,1.6286975,1.6286975,2.694088,2.694088,2.694088,2.694088,1.8135831,1.8135831,1.8135831,1.8135831,2.1670234,2.1670234,2.1670234,2.1670234,1.8632432,1.8632432,1.8632432,1.8632432,2.0429018,2.0429018,2.0429018,2.0429018,2.1117713,2.1117713,2.1117713,2.1117713,2.3368304,2.3368304,2.3368304,2.3368304,3.0,3.0,3.0,3.0,3.0,3.0,3.0,3.0,2.8501616,2.8501616,2.8501616,2.8501616,1.5769393,1.5769393,1.5769393,1.5769393,1.0215487,1.0215487,1.0215487,1.0215487,2.0930607,2.0930607,2.0930607,2.0930607,1.7891153,1.7891153,1.7891153,1.7891153,1.5479723,1.5479723,1.5479723,1.5479723,1.5589234,1.5589234,1.5589234,1.5589234,1.6627469,1.6627469,1.6627469,1.6627469,1.652234,1.652234,1.652234,1.652234,1.7965434,1.7965434,1.7965434,1.7965434
1.6483057,1.6483057,1.6483057,1.6483057,1.8414948,1.8414948,1.8414948,1.8414948,1.7558624,1.7558624,1.7558624,1.7558624,1.8847276,1.8847276,1.8847276,1.8847276,1.8803104,1.8803104,1.8803104,1.8803104,1.5735757,1.5735757,1.5735757,1.5735757,2.0895884,2.0895884,2.0895884,2.0895884,2.1863797,2.1863797,2.1863797,2.1863797,1.9456693,1.9456693,1.9456693,1.9456693,1.3762083,1.3762083,1.3762083,1.3762083,1.6286975,1.6286975,1.6286975,1.6286975,2.694088,2.694088,2.694088,2.694088,1.8135831,1.8135831,1.8135831,1.8135831,2.1670234,2.1670234,2.1670234,2.1670234,1.8632432,1.8632432,1.8632432,1.8632432,2.0429018,2.0429018,2.0429018,2.0429018,2.1117713,2.1117713,2.1117713,2.1117713,2.3368304,2.3368304,2.3368304,2.3368304,3.0,3.0,3.0,3.0,3.0,3.0,3.0,3.0,2.8501616,2.8501616,2.8501616,2.8501616,1.5769393,1.5769393,1.5769393,1.5769393,1.0215487,1.0215487,1.0215487,1.0215487,2.0930607,2.0930607,2.0930607,2.0930607,1.7891153,1.7891153,1.7891153,1.7891153,1.5479723,1.5479723,1.5479723,1.5479723,1.5589234,1.5589234,1.5589234,1.5589234,1.6627469,1.6627469,1.6627469,1.6627469,1.652234,1.652234,1.652234,1.652234,1.7965434,1.7965434,1.7965434,1.7965434
1.6483057,1.6483057,1.6483057,1.6483057,1.8414948,1.8414948,1.8414948,1.8414948,1.7558624,1.7558624,1.7558624,1.7558624,1.8847276,1.8847276,1.8847276,1.8847276,1.8803104,1.8803104,1.8803104,1.8803104,1.5735757,1.5735757,1.5735757,1.5735757,2.0895884,2.0895884,2.0895884,2.0895884,2.1863797,2.1863797,2.1863797,2.1863797,1.9456693,1.9456693,1.9456693,1.9456693,1.3762083,1.3762083,1.3762083,1.3762083,1.6286975,1.6286975,1.6286975,1.6286975,2.694088,2.694088,2.694088,2.694088,1.8135831,1.8135831,1.8135831,1.8135831,2.1670234,2.1670234,2.1670234,2.1670234,1.8632432,1.8632432,1.8632432,1.8632432,2.0429018,2.0429018,2.0429018,2.0429018,2.1117713,2.1117713,2.1117713,2.1117713,2.3368304,2.3368304,2.3368304,2.3368304,3.0,3.0,3.0,3.0,3.0,3.0,3.0,3.0,2.8501616,2.8501616,2.8501616,2.8501616,1.5769393,1.5769393,1.5769393,1.5769393,1.0215487,1.0215487,1.0215487,1.0215487,2.0930607,2.0930607,2.0930607,2.0930607,1.7891153,1.7891153,1.7891153,1.7891153,1.5479723,1.5479723,1.5479723,1.5479723,1.5589234,1.5589234,1.5589234,1.5589234,1.6627469,1.6627469,1.6627469,1.6627469,1.652234,1.652234,1.652234,1.652234,1.7965434,1.7965434,1.7965434,1.7965434
1.6483057,1.6483057,1.6483057,1.6483057,1.8414948,1.8414948,1.8414948,1.8414948,1.7558624,1.7558624,1.7558624,1.7558624,1.8847276,1.8847276,1.8847276,1.8847276,1.8803104,1.8803104,1.8803104,1.8803104,1.5735757,1.5735757,1.5735757,1.5735757,2.0895884,2.0895884,2.0895884,2.0895884,2.1863797,2.1863797,2.1863797,2.1863797,1.9456693,1.9456693,1.9456693,1.9456693,1.3762083,1.3762083,1.3762083,1.3762083,1.6286975,1.6286975,1.6286975,1.6286975,2.694088,2.694088,2.694088,2.694088,1.8135831,1.8135831,1.8135831,1.8135831,2.1670234,2.1670234,2.1670234,2.1670234,1.8632432,1.8632432,1.8632432,1.8632432,2.0429018,2.0429018,2.0429018,2.0429018,2.1117713,2.1117713,2.1117713,2.1117713,2.3368304,2.3368304,2.3368304,2.3368304,3.0,3.0,3.0,3.0,3.0,3.0,3.0,3.0,2.8501616,2.8501616,2.8501616,2.8501616,1.5769393,1.5769393,1.5769393,1.5769393,1.0215487,1.0215487,1.0215487,1.0215487,2.0930607,2.0930607,2.0930607,2.0930607,1.7891153,1.7891153,1.7891153,1.7891153,1.5479723,1.5479723,1.5479723,1.5479723,1.5589234,1.5589234,1.5589234,1.5589234,1.6627469,1.6627469,1.6627469,1.6627469,1.652234,1.652234,1.652234,1.652234,1.7965434,1.7965434,1.7965434,1.7965434
1.9315554,1.9315554,1.9315554,1.9315554,1.7363389,1.7363389,1.7363389,1.7363389,1.3970875,1.3970875,1.3970875,1.3970875,1.2744465,1.2744465,1.2744465,1.2744465,1.37399,1.37399,1.37399,1.37399,0.9090638,0.9090638,0.9090638,0.9090638,0.83514416,0.83514416,0.83514416,0.83514416,1.6240157,1.6240157,1.6240157,1.6240157,2.212899,2.212899,2.212899,2.212899,1.7097781,1.7097781,1.7097781,1.7097781,1.5804178,1.5804178,1.5804178,1.5804178,1.0285941,1.0285941,1.0285941,1.0285941,2.0971007,2.0971007,2.0971007,2.0971007,1.7345157,1.7345157,1.7345157,1.7345157,2.108287,2.108287,2.108287,2.108287,3.0,3.0,3.0,3.0,3.0,3.0,3.0,3.0,2.9261794,2.9261794,2.9261794,2.9261794,2.9614797,2.9614797,2.9614797,2.9614797,3.0,3.0,3.0,3.0,2.9804401,2.9804401,2.9804401,2.9804401,2.6458473,2.6458473,2.6458473,2.6458473,2.0057333,2.0057333,2.0057333,2.0057333,1.704947,1.704947,1.704947,1.704947,1.8056779,1.8056779,1.8056779,1.8056779,1.5711375,1.5711375,1.5711375,1.5711375,1.4057627,1.4057627,1.4057627,1.4057627,1.5855304,1.5855304,1.5855304,1.5855304,1.7912085,1.7912085,1.7912085,1.7912085,2.080641,2.080641,2.080641,2.080641
1.9315554,1.9315554,1.9315554,1.9315554,1.7363389,1.7363389,1.7363389,1.7363389,1.3970875,1.3970875,1.3970875,1.3970875,1.2744465,1.2744465,1.2744465,1.2744465,1.37399,1.37399,1.37399,1.37399,0.9090638,0.9090638,0.9090638,0.9090638,0.83514416,0.83514416,0.83514416,0.83514416,1.6240157,1.6240157,1.6240157,1.6240157,2.212899,2.212899,2.212899,2.212899,1.7097781,1.7097781,1.7097781,1.7097781,1.5804178,1.5804178,1.5804178,1.5804178,1.0285941,1.0285941,1.0285941,1.0285941,2.0971007,2.0971007,2.0971007,2.0971007,1.7345157,1.7345157,1.7345157,1.7345157,2.108287,2.108287,2.108287,2.108287,3.0,3.0,3.0,3.0,3.0,3.0,3.0,3.0,2.9261794,2.9261794,2.9261794,2.9261794,2.9614797,2.9614797,2.9614797,2.9614797,3.0,3.0,3.0,3.0,2.9804401,2.9804401,2.9804401,2.9804401,2.6458473,2.6458473,2.6458473,2.6458473,2.0057333,2.0057333,2.0057333,2.0057333,1.704947,1.704947,1.704947,1.704947,1.8056779,1.8056779,1.8056779,1.8056779,1.5711375,1.5711375,1.5711375,1.5711375,1.4057627,1.4057627,1.4057627,1.4057627,1.5855304,1.5855304,1.5855304,1.5855304,1.7912085,1.7912085,1.7912085,1.7912085,2.080641,2.080641,2.080641,2.080641
1.9315554,1.9315554,1.9315554,1.9315554,1.7363389,1.7363389,1.7363389,1.7363389,1.3970875,1.3970875,1.3970875,1.3970875,1.2744465,1.2744465,1.2744465,1.2744465,1.37399,1.37399,1.37399,1.37399,0.9090638,0.9090638,0.9090638,0.9090638,0.83514416,0.83514416,0.83514416,0.83514416,1.6240157,1.6240157,1.6240157,1.6240157,2.212899,2.212899,2.212899,2.212899,1.7097781,1.7097781,1.7097781,1.7097781,1.5804178,1.5804178,1.5804178,1.5804178,1.0285941,1.0285941,1.0285941,1.0285941,2.0971007,2.0971007,2.0971007,2.0971007,1.7345157,1.7345157,1.7345157,1.7345157,2.108287,2.108287,2.108287,2.108287,3.0,3.0,3.0,3.0,3.0,3.0,3.0,3.0,2.9261794,2.9261794,2.9261794,2.9261794,2.9614797,2.9614797,2.9614797,2.9614797,3.0,3.0,3.0,3.0,2.9804401,2.9804401,2.9804401,2.9804401,2.6458473,2.6458473,2.6458473,2.6458473,2.0057333,2.0057333,2.0057333,2.0057333,1.704947,1.704947,1.704947,1.704947,1.8056779,1.8056779,1.8056779,1.8056779,1.5711375,1.5711375,1.5711375,1.5711375,1.4057627,1.4057627,1.4057627,1.4057627,1.5855304,1.5855304,1.5855304,1.5855304,1.7912085,1.7912085,1.7912085,1.7912085,2.080641,2.080641,2.080641,2.080641
1.9315554,1.9315554,1.9315554,1.9315554,1.7363389,1.7363389,1.7363389,1.7363389,1.3970875,1.3970875,1.3970875,1.3970875,1.2744465,1.2744465,1.2744465,1.2744465,1.37399,1.37399,1.37399,1.37399,0.9090638,0.9090638,0.9090638,0.9090638,0.83514416,0.83514416,0.83514416,0.83514416,1.6240157,1.6240157,1.6240157,1.6240157,2.212899,2.212899,2.212899,2.212899,1.7097781,1.7097781,1.7097781,1.7097781,1.5804178,1.5804178,1.5804178,1.5804178,1.0285941,1.0285941,1.0285941,1.0285941,2.0971007,2.0971007,2.0971007,2.0971007,1.7345157,1.7345157,1.7345157,1.7345157,2.108287,2.108287,2.108287,2.108287,3.0,3.0,3.0,3.0,3.0,3.0,3.0,3.0,2.9261794,2.9261794,2.9261794,2.9261794,2.9614797,2.9614797,2.9614797,2.9614797,3.0,3.0,3.0,3.0,2.9804401,2.9804401,2.9804401,2.9804401,2.6458473,2.6458473,2.6458473,2.6458473,2.0057333,2.0057333,2.0057333,2.0057333,1.704947,1.704947,1.704947,1.704947,1.8056779,1.8056779,1.8056779,1.8056779,1.5711375,1.5711375,1.5711375,1.5711375,1.4057627,1.4057627,1.4057627,1.4057627,1.5855304,1.5855304,1.5855304,1.5855304,1.7912085,1.7912085,1.7912085,1.7912085,2.080641,2.080641,2.080641,2.080641
1.2005374,1.2005374,1.2005374,1.2005374,1.1062074,1.1062074,1.1062074,1.1062074,1.0337731,1.0337731,1.0337731,1.0337731,0.9899608,0.9899608,0.9899608,0.9899608,1.5256412,1.5256412,1.5256412,1.5256412,1.7549968,1.7549968,1.7549968,1.7549968,1.8859853,1.8859853,1.8859853,1.8859853,1.7198906,1.7198906,1.7198906,1.7198906,2.3064919,2.3064919,2.3064919,2.3064919,1.962032,1.962032,1.962032,1.962032,2.1102855,2.1102855,2.1102855,2.1102855,2.168178,2.168178,2.168178,2.168178,1.9484993,1.9484993,1.9484993,1.9484993,1.1040974,1.1040974,1.1040974,1.1040974,2.1601915,2.1601915,2.1601915,2.1601915,2.435055,2.435055,2.435055,2.435055,2.8946903,2.8946903,2.8946903,2.8946903,2.3773227,2.3773227,2.3773227,2.3773227,3.0,3.0,3.0,3.0,2.872839,2.872839,2.872839,2.872839,2.6008883,2.6008883,2.6008883,2.6008883,2.2142682,2.2142682,2.2142682,2.2142682,1.5201383,1.5201383,1.5201383,1.5201383,1.7350849,1.7350849,1.7350849,1.7350849,1.6374656,1.6374656,1.6374656,1.6374656,1.9176674,1.9176674,1.9176674,1.9176674,1.9854355,1.9854355,1.9854355,1.9854355,1.9133765,1.9133765,1.9133765,1.9133765,1.7579635,1.7579635,1.7579635,1.7579635,1.5669634,1.5669634,1.5669634,1.5669634
1.2005374,1.2005374,1.2005374,1.2005374,1.1062074,1.1062074,1.1062074,1.1062074,1.0337731,1.0337731,1.0337731,1.0337731,0.9899608,0.9899608,0.9899608,0.9899608,1.5256412,1.5256412,1.5256412,1.5256412,1.7549968,1.7549968,1.7549968,1.7549968,1.8859853,1.8859853,1.8859853,1.8859853,1.7198906,1.7198906,1.7198906,1.7198906,2.3064919,2.3064919,2.3064919,2.3064919,1.962032,1.962032,1.962032,1.962032,2.1102855,2.1102855,2.1102855,2.1102855,2.168178,2.168178,2.168178,2.168178,1.9484993,1.9484993,1.9484993,1.9484993,1.1040974,1.1040974,1.1040974,1.1040974,2.1601915,2.1601915,2.1601915,2.1601915,2.435055,2.435055,2.435055,2.435055,2.8946903,2.8946903,2.8946903,2.8946903,2.3773227,2.3773227,2.3773227,2.3773227,3.0,3.0,3.0,3.0,2.872839,2.872839,2.872839,2.872839,2.6008883,2.6008883,2.6008883,2.6008883,2.2142682,2.2142682,2.2142682,2.2142682,1.5201383,1.5201383,1.5201383,1.5201383,1.7350849,1.7350849,1.7350849,1.7350849,1.6374656,1.6374656,1.6374656,1.6374656,1.9176674,1.9176674,1.9176674,1.9176674,1.9854355,1.9854355,1.9854355,1.9854355,1.9133765,1.9133765,1.9133765,1.9133765,1.7579635,1.7579635,1.7579635,1.7579635,1.5669634,1.5669634,1.5669634,1.5669634
1.2005374,1.2005374,1.2005374,1.2005374,1.1062074,1.1062074,1.1062074,1.1062074,1.0337731,1.0337731,1.0337731,1.0337731,0.9899608,0.9899608,0.9899608,0.9899608,1.5256412,1.5256412,1.5256412,1.5256412,1.7549968,1.7549968,1.7549968,1.7549968,1.8859853,1.8859853,1.8859853,1.8859853,1.7198906,1.7198906,1.7198906,1.7198906,2.3064919,2.3064919,2.3064919,2.3064919,1.962032,1.962032,1.962032,1.962032,2.1102855,2.1102855,2.1102855,2.1102855,2.168178,2.168178,2.168178,2.168178,1.9484993,1.9484993,1.9484993,1.9484993,1.1040974,1.1040974,1.1040974,1.1040974,2.1601915,2.1601915,2.1601915,2.1601915,2.435055,2.435055,2.435055,2.435055,2.8946903,2.8946903,2.8946903,2.8946903,2.3773227,2.3773227,2.3773227,2.3773227,3.0,3.0,3.0,3.0,2.872839,2.872839,2.872839,2.872839,2.6008883,2.6008883,2.6008883,2.6008883,2.2142682,2.2142682,2.2142682,2.2142682,1.5201383,1.5201383,1.5201383,1.5201383,1.7350849,1.7350849,1.7350849,1.7350849,1.6374656,1.6374656,1.6374656,1.6374656,1.9176674,1.9176674,1.9176674,1.9176674,1.9854355,1.9854355,1.9854355,1.9854355,1.9133765,1.9133765,1.9133765,1.9133765,1.7579635,1.7579635,1.7579635,1.7579635,1.5669634,1.5669634,1.5669634,1.5669634
1.2005374,1.2005374,1.2005374,1.2005374,1.1062074,1.1062074,1.1062074,1.1062074,1.0337731,1.0337731,1.0337731,1.0337731,0.9899608,0.9899608,0.9899608,0.9899608,1.5256412,1.5256412,1.5256412,1.5256412,1.7549968,1.7549968,1.7549968,1.7549968,1.8859853,1.8859853,1.8859853,1.8859853,1.7198906,1.7198906,1.7198906,1.7198906,2.3064919,2.3064919,2.3064919,2.3064919,1.962032,1.962032,1.962032,1.962032,2.1102855,2.1102855,2.1102855,2.1102855,2.168178,2.168178,2.168178,2.168178,1.9484993,1.9484993,1.9484993,1.9484993,1.1040974,1.1040974,1.1040974,1.1040974,2.1601915,2.1601915,2.1601915,2.1601915,2.435055,2.435055,2.435055,2.435055,2.8946903,2.8946903,2.8946903,2.8946903,2.3773227,2.3773227,2.3773227,2.3773227,3.0,3.0,3.0,3.0,2.872839,2.872839,2.872839,2.872839,2.6008883,2.6008883,2.6008883,2.6008883,2.2142682,2.2142682,2.2142682,2.2142682,1.5201383,1.5201383,1.5201383,1.5201383,1.7350849,1.7350849,1.7350849,1.7350849,1.6374656,1.6374656,1.6374656,1.6374656,1.9176674,1.9176674,1.9176674,1.9176674,1.9854355,1.9854355,1.9854355,1.9854355,1.9133765,1.9133765,1.9133765,1.9133765,1.7579635,1.7579635,1.7579635,1.7579635,1.5669634,1.5669634,1.5669634,1.5669634
0.6,0.6,0.6,0.6,0.6,0.6,0.6,0.6,0.6,0.6,0.6,0.6,0.7176789,0.7176789,0.7176789,0.7176789,1.1715401,1.1715401,1.1715401,1.1715401,1.0601715,1.0601715,1.0601715,1.0601715,1.0914465,1.0914465,1.0914465,1.0914465,1.0679537,1.0679537,1.0679537,1.0679537,2.673811,2.673811,2.673811,2.673811,3.0,3.0,3.0,3.0,3.0,3.0,3.0,3.0,1.7207265,1.7207265,1.7207265,1.7207265,2.015,2.015,2.015,2.015,2.180544,2.180544,2.180544,2.180544,2.0259137,2.0259137,2.0259137,2.0259137,1.2454064,1.2454064,1.2454064,1.2454064,1.3946947,1.3946947,1.3946947,1.3946947,1.5742548,1.5742548,1.5742548,1.5742548,2.2720318,2.2720318,2.2720318,2.2720318,2.5112476,2.5112476,2.5112476,2.5112476,2.3185356,2.3185356,2.3185356,2.3185356,2.0107338,2.0107338,2.0107338,2.0107338,1.7226039,1.7226039,1.7226039,1.7226039,1.9796952,1.9796952,1.9796952,1.9796952,1.7821444,1.7821444,1.7821444,1.7821444,1.845715,1.845715,1.845715,1.845715,1.7545291,1.7545291,1.7545291,1.7545291,1.6710793,1.6710793,1.6710793,1.6710793,1.4930909,1.4930909,1.4930909,1.4930909,1.5256054,1.5256054,1.5256054,1.5256054
0.6,0.6,0.6,0.6,0.6,0.6,0.6,0.6,0.6,0.6,0.6,0.6,0.7176789,0.7176789,0.7176789,0.7176789,1.1715401,1.1715401,1.1715401,1.1715401,1.0601715,1.0601715,1.0601715,1.0601715,1.0914465,1.0914465,1.0914465,1.0914465,1.0679537,1.0679537,1.0679537,1.0679537,2.673811,2.673811,2.673811,2.673811,3.0,3.0,3.0,3.0,3.0,3.0,3.0,3.0,1.7207265,1.7207265,1.7207265,1.7207265,2.015,2.015,2.015,2.015,2.180544,2.180544,2.180544,2.180544,2.0259137,2.0259137,2.0259137,2.0259137,1.2454064,1.2454064,1.2454064,1.2454064,1.3946947,1.3946947,1.3946947,1.3946947,1.5742548,1.5742548,1.5742548,1.5742548,2.2720318,2.2720318,2.2720318,2.2720318,2.5112476,2.5112476,2.5112476,2.5112476,2.3185356,2.3185356,2.3185356,2.3185356,2.0107338,2.0107338,2.0107338,2.0107338,1.7226039,1.7226039,1.7226039,1.7226039,1.9796952,1.9796952,1.9796952,1.9796952,1.7821444,1.7821444,1.7821444,1.7821444,1.845715,1.845715,1.845715,1.845715,1.7545291,1.7545291,1.7545291,1.7545291,1.6710793,1.6710793,1.6710793,1.6710793,1.4930909,1.4930909,1.4930909,1.4930909,1.5256054,1.5256054,1.5256054,1.5256054
0.6,0.6,0.6,0.6,0.6,0.6,0.6,0.6,0.6,0.6,0.6,0.6,0.7176789,0.7176789,0.7176789,0.7176789,1.1715401,1.1715401,1.1715401,1.1715401,1.0601715,1.0601715,1.0601715,1.0601715,1.0914465,1.0914465,1.0914465,1.0914465,1.0679537,1.0679537,1.0679537,1.0679537,2.673811,2.673811,2.673811,2.673811,3.0,3.0,3.0,3.0,3.0,3.0,3.0,3.0,1.7207265,1.7207265,1.7207265,1.7207265,2.015,2.015,2.015,2.015,2.180544,2.180544,2.180544,2.180544,2.0259137,2.0259137,2.0259137,2.0259137,1.2454064,1.2454064,1.2454064,1.2454064,1.3946947,1.3946947,1.3946947,1.3946947,1.5742548,1.5742548,1.5742548,1.5742548,2.2720318,2.2720318,2.2720318,2.2720318,2.5112476,2.5112476,2.5112476,2.5112476,2.3185356,2.3185356,2.3185356,2.3185356,2.0107338,2.0107338,2.0107338,2.0107338,1.7226039,1.7226039,1.7226039,1.7226039,1.9796952,1.9796952,1.9796952,1.9796952,1.7821444,1.7821444,1.7821444,1.7821444,1.845715,1.845715,1.845715,1.845715,1.7545291,1.7545291,1.7545291,1.7545291,1.6710793,1.6710793,1.6710793,1.6710793,1.4930909,1.4930909,1.4930909,1.4930909,1.5256054,1.5256054,1.5256054,1.5256054
0.6,0.6,0.6,0.6,0.6,0.6,0.6,0.6,0.6,0.6,0.6,0.6,0.7176789,0.7176789,0.7176789,0.7176789,1.1715401,1.1715401,1.1715401,1.1715401,1.0601715,1.0601715,1.0601715,1.0601715,1.0914465,1.0914465,1.0914465,1.0914465,1.0679537,1.0679537,1.0679537,1.0679537,2.673811,2.673811,2.673811,2.673811,3.0,3.0,3.0,3.0,3.0,3.0,3.0,3.0,1.7207265,1.7207265,1.7207265,1.7207265,2.015,2.015,2.015,2.015,2.180544,2.180544,2.180544,2.180544,2.0259137,2.0259137,2.0259137,2.0259137,1.2454064,1.2454064,1.2454064,1.2454064,1.3946947,1.3946947,1.3946947,1.3946947,1.5742548,1.5742548,1.5742548,1.5742548,2.2720318,2.2720318,2.2720318,2.2720318,2.5112476,2.5112476,2.5112476,2.5112476,2.3185356,2.3185356,2.3185356,2.3185356,2.0107338,2.0107338,2.0107338,2.0107338,1.7226039,1.7226039,1.7226039,1.7226039,1.9796952,1.9796952,1.9796952,1.9796952,1.7821444,1.7821444,1.7821444,1.7821444,1.845715,1.845715,1.845715,1.845715,1.7545291,1.7545291,1.7545291,1.7545291,1.6710793,1.6710793,1.6710793,1.6710793,1.4930909,1.4930909,1.4930909,1.4930909,1.5256054,1.5256054,1.5256054,1.5256054
0.6,0.6,0.6,0.6,1.0715257,1.0715257,1.0715257,1.0715257,1.0502061,1.0502061,1.0502061,1.0502061,1.089597,1.089597,1.089597,1.089597,0.8177446,0.8177446,0.8177446,0.8177446,0.62443304,0.62443304,0.62443304,0.62443304,0.8232747,0.8232747,0.8232747,0.8232747,0.67577696,0.67577696,0.67577696,0.67577696,1.6993501,1.6993501,1.6993501,1.6993501,1.6740661,1.6740661,1.6740661,1.6740661,1.5490408,1.5490408,1.5490408,1.5490408,1.4939803,1.4939803,1.4939803,1.4939803,1.4628364,1.4628364,1.4628364,1.4628364,0.800176,0.800176,0.800176,0.800176,1.7064526,1.7064526,1.7064526,1.7064526,1.8004019,1.8004019,1.8004019,1.8004019,2.2121742,2.2121742,2.2121742,2.2121742,1.6288164,1.6288164,1.6288164,1.6288164,1.2336129,1.2336129,1.2336129,1.2336129,1.9787034,1.9787034,1.9787034,1.9787034,1.8174111,1.8174111,1.8174111,1.8174111,1.3614376,1.3614376,1.3614376,1.3614376,1.4828016,1.4828016,1.4828016,1.4828016,1.8289347,1.8289347,1.8289347,1.8289347,1.9943842,1.9943842,1.9943842,1.9943842,2.101484,2.101484,2.101484,2.101484,1.8544763,1.8544763,1.8544763,1.8544763,1.1811556,1.1811556,1.1811556,1.1811556,1.3459909,1.3459909,1.3459909,1.3459909,1.4038556,1.4038556,1.4038556,1.4038556
0.6,0.6,0.6,0.6,1.0715257,1.0715257,1.0715257,1.0715257,1.0502061,1.0502061,1.0502061,1.0502061,1.089597,1.089597,1.089597,1.089597,0.8177446,0.8177446,0.8177446,0.8177446,0.62443304,0.62443304,0.62443304,0.62443304,0.8232747,0.8232747,0.8232747,0.8232747,0.67577696,0.67577696,0.67577696,0.67577696,1.6993501,1.6993501,1.6993501,1.6993501,1.6740661,1.6740661,1.6740661,1.6740661,1.5490408,1.5490408,1.5490408,1.5490408,1.4939803,1.4939803,1.4939803,1.4939803,1.4628364,1.4628364,1.4628364,1.4628364,0.800176,0.800176,0.800176,0.800176,1.7064526,1.7064526,1.7064526,1.7064526,1.8004019,1.8004019,1.8004019,1.8004019,2.2121742,2.2121742,2.2121742,2.2121742,1.6288164,1.6288164,1.6288164,1.6288164,1.2336129,1.2336129,1.2336129,1.2336129,1.9787034,1.9787034,1.9787034,1.9787034,1.8174111,1.8174111,1.8174111,1.8174111,1.3614376,1.3614376,1.3614376,1.3614376,1.4828016,1.4828016,1.4828016,1.4828016,1.8289347,1.8289347,1.8289347,1.8289347,1.9943842,1.9943842,1.9943842,1.9943842,2.101484,2.101484,2.101484,2.101484,1.8544763,1.8544763,1.8544763,1.8544763,1.1811556,1.1811556,1.1811556,1.1811556,1.3459909,1.3459909,1.3459909,1.3459909,1.4038556,1.4038556,1.4038556,1.4038556
0.6,0.6,0.6,0.6,1.0715257,1.0715257,1.0715257,1.0715257,1.0502061,1.0502061,1.0502061,1.0502061,1.089597,1.089597,1.089597,1.089597,0.8177446,0.8177446,0.8177446,0.8177446,0.62443304,0.62443304,0.62443304,0.62443304,0.8232747,0.8232747,0.8232747,0.8232747,0.67577696,0.67577696,0.67577696,0.67577696,1.6993501,1.6993501,1.6993501,1.6993501,1.6740661,1.6740661,1.6740661,1.6740661,1.5490408,1.5490408,1.5490408,1.5490408,1.4939803,1.4939803,1.4939803,1.4939803,1.4628364,1.4628364,1.4628364,1.4628364,0.800176,0.800176,0.800176,0.800176,1.7064526,1.7064526,1.7064526,1.7064526,1.8004019,1.8004019,1.8004019,1.8004019,2.2121742,2.2121742,2.2121742,2.2121742,1.6288164,1.6288164,1.6288164,1.6288164,1.2336129,1.2336129,1.2336129,1.2336129,1.9787034,1.9787034,1.9787034,1.9787034,1.8174111,1.8174111,1.8174111,1.8174111,1.3614376,1.3614376,1.3614376,1.3614376,1.4828016,1.4828016,1.4828016,1.4828016,1.8289347,1.8289347,1.8289347,1.8289347,1.9943842,1.9943842,1.9943842,1.9943842,2.101484,2.101484,2.101484,2.101484,1.8544763,1.8544763,1.8544763,1.8544763,1.1811556,1.1811556,1.1811556,1.1811556,1.3459909,1.3459909,1.3459909,1.3459909,1.4038556,1.4038556,1.4038556,1.4038556
0.6,0.6,0.6,0.6,1.0715257,1.0715257,1.0715257,1.0715257,1.0502061,1.0502061,1.0502061,1.0502061,1.089597,1.089597,1.089597,1.089597,0.8177446,0.8177446,0.8177446,0.8177446,0.62443304,0.62443304,0.62443304,0.62443304,0.8232747,0.8232747,0.8232747,0.8232747,0.67577696,0.67577696,0.67577696,0.67577696,1.6993501,1.6993501,1.6993501,1.6993501,1.6740661,1.6740661,1.6740661,1.6740661,1.5490408,1.5490408,1.5490408,1.5490408,1.4939803,1.4939803,1.4939803,1.4939803,1.4628364,1.4628364,1.4628364,1.4628364,0.800176,0.800176,0.800176,0.800176,1.7064526,1.7064526,1.7064526,1.7064526,1.8004019,1.8004019,1.8004019,1.8004019,2.2121742,2.2121742,2.2121742,2.2121742,1.6288164,1.6288164,1.6288164,1.6288164,1.2336129,1.2336129,1.2336129,1.2336129,1.9787034,1.9787034,1.9787034,1.9787034,1.8174111,1.8174111,1.8174111,1.8174111,1.3614376,1.3614376,1.3614376,1.3614376,1.4828016,1.4828016,1.4828016,1.4828016,1.8289347,1.8289347,1.8289347,1.8289347,1.9943842,1.9943842,1.9943842,1.9943842,2.101484,2.101484,2.101484,2.101484,1.8544763,1.8544763,1.8544763,1.8544763,1.1811556,1.1811556,1.1811556,1.1811556,1.3459909,1.3459909,1.3459909,1.3459909,1.4038556,1.4038556,1.4038556,1.4038556
