0.6,0.6,0.6,0.6,0.6,0.6,0.6,0.6,0.6,0.6,0.6,0.6,0.6,0.6,0.6,0.6,0.6,0.6,0.6,0.6,0.6,0.6,0.6,0.6,0.6,0.6,0.6,0.6,0.6,0.6,0.6,0.6,0.6,0.6,0.6,0.6,0.6,0.6,0.6,0.6,0.6,0.6,0.6,0.6,0.6,0.6,0.6,0.6,0.6,0.6,0.6,0.6,0.6,0.6,0.6,0.6,0.6,0.6,0.6,0.6,0.6,0.6,0.6,0.6,0.6,0.6,0.6,0.6,0.6,0.6,0.6,0.6,0.6,0.6,0.6,0.6,0.6,0.6,0.6,0.6,0.6,0.6,0.6,0.6,0.6,0.6,0.6,0.6,0.6,0.6,0.6,0.6,0.6,0.6,0.6,0.6,0.6,0.6,0.6,0.6,0.6,0.6,0.6,0.6,0.6,0.6,0.6,0.6,0.6,0.6,0.6,0.6,0.6,0.6,0.6,0.6,0.6,0.6,0.6,0.6
0.6,0.6,0.6,0.6,0.6,0.6,0.6,0.6,0.6,0.6,0.6,0.6,0.6,0.6,0.6,0.6,0.6,0.6,0.6,0.6,0.6,0.6,0.6,0.6,0.6,0.6,0.6,0.6,0.6,0.6,0.6,0.6,0.6,0.6,0.6,0.6,0.6,0.6,0.6,0.6,0.6,0.6,0.6,0.6,0.6,0.6,0.6,0.6,0.6,0.6,0.6,0.6,0.6,0.6,0.6,0.6,0.6,0.6,0.6,0.6,0.6,0.6,0.6,0.6,0.6,0.6,0.6,0.6,0.6,0.6,0.6,0.6,0.6,0.6,0.6,0.6,0.6,0.6,0.6,0.6,0.6,0.6,0.6,0.6,0.6,0.6,0.6,0.6,0.6,0.6,0.6,0.6,0.6,0.6,0.6,0.6,0.6,0.6,0.6,0.6,0.6,0.6,0.6,0.6,0.6,0.6,0.6,0.6,0.6,0.6,0.6,0.6,0.6,0.6,0.6,0.6,0.6,0.6,0.6,0.6
0.6,0.6,0.6,0.6,0.6,0.6,0.6,0.6,0.6,0.6,0.6,0.6,0.6,0.6,0.6,0.6,0.6,0.6,0.6,0.6,0.6,0.6,0.6,0.6,0.6,0.6,0.6,0.6,0.6,0.6,0.6,0.6,0.6,0.6,0.6,0.6,0.6,0.6,0.6,0.6,0.6,0.6,0.6,0.6,0.6,0.6,0.6,0.6,0.6,0.6,0.6,0.6,0.6,0.6,0.6,0.6,0.6,0.6,0.6,0.6,0.6,0.6,0.6,0.6,0.6,0.6,0.6,0.6,0.6,0.6,0.6,0.6,0.6,0.6,0.6,0.6,0.6,0.6,0.6,0.6,0.6,0.6,0.6,0.6,0.6,0.6,0.6,0.6,0.6,0.6,0.6,0.6,0.6,0.6,0.6,0.6,0.6,0.6,0.6,0.6,0.6,0.6,0.6,0.6,0.6,0.6,0.6,0.6,0.6,0.6,0.6,0.6,0.6,0.6,0.6,0.6,0.6,0.6,0.6,0.6
0.6,0.6,0.6,0.6,0.6,0.6,0.6,0.6,0.6,0.6,0.6,0.6,0.6,0.6,0.6,0.6,0.6,0.6,0.6,0.6,0.6,0.6,0.6,0.6,0.6,0.6,0.6,0.6,0.6,0.6,0.6,0.6,0.6,0.6,0.6,0.6,0.6,0.6,0.6,0.6,0.6,0.6,0.6,0.6,0.6,0.6,0.6,0.6,0.6,0.6,0.6,0.6,0.6,0.6,0.6,0.6,0.6,0.6,0.6,0.6,0.6,0.6,0.6,0.6,0.6,0.6,0.6,0.6,0.6,0.6,0.6,0.6,0.6,0.6,0.6,0.6,0.6,0.6,0.6,0.6,0.6,0.6,0.6,0.6,0.6,0.6,0.6,0.6,0.6,0.6,0.6,0.6,0.6,0.6,0.6,0.6,0.6,0.6,0.6,0.6,0.6,0.6,0.6,0.6,0.6,0.6,0.6,0.6,0.6,0.6,0.6,0.6,0.6,0.6,0.6,0.6,0.6,0.6,0.6,0.6
0.6,0.6,0.6,0.6,0.6,0.6,0.6,0.6,0.6,0.6,0.6,0.6,0.6,0.6,0.6,0.6,0.6,0.6,0.6,0.6,0.6,0.6,0.6,0.6,0.6,0.6,0.6,0.6,0.6,0.6,0.6,0.6,0.6,0.6,0.6,0.6,0.6,0.6,0.6,0.6,0.6,0.6,0.6,0.6,0.6,0.6,0.6,0.6,0.6,0.6,0.6,0.6,0.6,0.6,0.6,0.6,0.6,0.6,0.6,0.6,0.6,0.6,0.6,0.6,0.6,0.6,0.6,0.6,0.6,0.6,0.6,0.6,0.6,0.6,0.6,0.6,0.6,0.6,0.6,0.6,0.6,0.6,0.6,0.6,0.6,0.6,0.6,0.6,0.6,0.6,0.6,0.6,0.6,0.6,0.6,0.6,0.6,0.6,0.6,0.6,0.6,0.6,0.6,0.6,0.6,0.6,0.6,0.6,0.6,0.6,0.6,0.6,0.6,0.6,0.6,0.6,0.6,0.6,0.6,0.6
0.6,0.6,0.6,0.6,0.6,0.6,0.6,0.6,0.6,0.6,0.6,0.6,0.6,0.6,0.6,0.6,0.6,0.6,0.6,0.6,0.6,0.6,0.6,0.6,0.6,0.6,0.6,0.6,0.6,0.6,0.6,0.6,0.6,0.6,0.6,0.6,0.6,0.6,0.6,0.6,0.6,0.6,0.6,0.6,0.6,0.6,0.6,0.6,0.6,0.6,0.6,0.6,0.6,0.6,0.6,0.6,0.6,0.6,0.6,0.6,0.6,0.6,0.6,0.6,0.6,0.6,0.6,0.6,0.6,0.6,0.6,0.6,0.6,0.6,0.6,0.6,0.6,0.6,0.6,0.6,0.6,0.6,0.6,0.6,0.6,0.6,0.6,0.6,0.6,0.6,0.6,0.6,0.6,0.6,0.6,0.6,0.6,0.6,0.6,0.6,0.6,0.6,0.6,0.6,0.6,0.6,0.6,0.6,0.6,0.6,0.6,0.6,0.6,0.6,0.6,0.6,0.6,0.6,0.6,0.6
0.6,0.6,0.6,0.6,0.6,0.6,0.6,0.6,0.6,0.6,0.6,0.6,0.6,0.6,0.6,0.6,0.6,0.6,0.6,0.6,0.6,0.6,0.6,0.6,0.6,0.6,0.6,0.6,0.6,0.6,0.6,0.6,0.6,0.6,0.6,0.6,0.6,0.6,0.6,0.6,0.6,0.6,0.6,0.6,0.6,0.6,0.6,0.6,0.6,0.6,0.6,0.6,0.6,0.6,0.6,0.6,0.6,0.6,0.6,0.6,0.6,0.6,0.6,0.6,0.6,0.6,0.6,0.6,0.6,0.6,0.6,0.6,0.6,0.6,0.6,0.6,0.6,0.6,0.6,0.6,0.6,0.6,0.6,0.6,0.6,0.6,0.6,0.6,0.6,0.6,0.6,0.6,0.6,0.6,0.6,0.6,0.6,0.6,0.6,0.6,0.6,0.6,0.6,0.6,0.6,0.6,0.6,0.6,0.6,0.6,0.6,0.6,0.6,0.6,0.6,0.6,0.6,0.6,0.6,0.6
0.6,0.6,0.6,0.6,0.6,0.6,0.6,0.6,0.6,0.6,0.6,0.6,0.6,0.6,0.6,0.6,0.6,0.6,0.6,0.6,0.6,0.6,0.6,0.6,0.6,0.6,0.6,0.6,0.6,0.6,0.6,0.6,0.6,0.6,0.6,0.6,0.6,0.6,0.6,0.6,0.6,0.6,0.6,0.6,0.6,0.6,0.6,0.6,0.6,0.6,0.6,0.6,0.6,0.6,0.6,0.6,0.6,0.6,0.6,0.6,0.6,0.6,0.6,0.6,0.6,0.6,0.6,0.6,0.6,0.6,0.6,0.6,0.6,0.6,0.6,0.6,0.6,0.6,0.6,0.6,0.6,0.6,0.6,0.6,0.6,0.6,0.6,0.6,0.6,0.6,0.6,0.6,0.6,0.6,0.6,0.6,0.6,0.6,0.6,0.6,0.6,0.6,0.6,0.6,0.6,0.6,0.6,0.6,0.6,0.6,0.6,0.6,0.6,0.6,0.6,0.6,0.6,0.6,0.6,0.6
0.6,0.6,0.6,0.6,0.6,0.6,0.6,0.6,0.6,0.6,0.6,0.6,0.6,0.6,0.6,0.6,0.6,0.6,0.6,0.6,0.6,0.6,0.6,0.6,0.6,0.6,0.6,0.6,0.6,0.6,0.6,0.6,0.6,0.6,0.6,0.6,0.6,0.6,0.6,0.6,0.6,0.6,0.6,0.6,0.6,0.6,0.6,0.6,0.6,0.6,0.6,0.6,0.6,0.6,0.6,0.6,0.6,0.6,0.6,0.6,0.6,0.6,0.6,0.6,0.6,0.6,0.6,0.6,0.6,0.6,0.6,0.6,0.6,0.6,0.6,0.6,0.6,0.6,0.6,0.6,0.6,0.6,0.6,0.6,0.6,0.6,0.6,0.6,0.6,0.6,0.6,0.6,0.6,0.6,0.6,0.6,0.6,0.6,0.6,0.6,0.6,0.6,0.6,0.6,0.6,0.6,0.6,0.6,0.6,0.6,0.6,0.6,0.6,0.6,0.6,0.6,0.6,0.6,0.6,0.6
0.6,0.6,0.6,0.6,0.6,0.6,0.6,0.6,0.6,0.6,0.6,0.6,0.6,0.6,0.6,0.6,0.6,0.6,0.6,0.6,0.6,0.6,0.6,0.6,0.6,0.6,0.6,0.6,0.6,0.6,0.6,0.6,0.6,0.6,0.6,0.6,0.6,0.6,0.6,0.6,0.6,0.6,0.6,0.6,0.6,0.6,0.6,0.6,0.6,0.6,0.6,0.6,0.6,0.6,0.6,0.6,0.6,0.6,0.6,0.6,0.6,0.6,0.6,0.6,0.6,0.6,0.6,0.6,0.6,0.6,0.6,0.6,0.6,0.6,0.6,0.6,0.6,0.6,0.6,0.6,0.6,0.6,0.6,0.6,0.6,0.6,0.6,0.6,0.6,0.6,0.6,0.6,0.6,0.6,0.6,0.6,0.6,0.6,0.6,0.6,0.6,0.6,0.6,0.6,0.6,0.6,0.6,0.6,0.6,0.6,0.6,0.6,0.6,0.6,0.6,0.6,0.6,0.6,0.6,0.6
0.6,0.6,0.6,0.6,0.6,0.6,0.6,0.6,0.6,0.6,0.6,0.6,0.6,0.6,0.6,0.6,0.6,0.6,0.6,0.6,0.6,0.6,0.6,0.6,0.6,0.6,0.6,0.6,0.6,0.6,0.6,0.6,0.6,0.6,0.6,0.6,0.6,0.6,0.6,0.6,0.6,0.6,0.6,0.6,0.6,0.6,0.6,0.6,0.6,0.6,0.6,0.6,0.6,0.6,0.6,0.6,0.6,0.6,0.6,0.6,0.6,0.6,0.6,0.6,0.6,0.6,0.6,0.6,0.6,0.6,0.6,0.6,0.6,0.6,0.6,0.6,0.6,0.6,0.6,0.6,0.6,0.6,0.6,0.6,0.6,0.6,0.6,0.6,0.6,0.6,0.6,0.6,0.6,0.6,0.6,0.6,0.6,0.6,0.6,0.6,0.6,0.6,0.6,0.6,0.6,0.6,0.6,0.6,0.6,0.6,0.6,0.6,0.6,0.6,0.6,0.6,0.6,0.6,0.6,0.6
0.6,0.6,0.6,0.6,0.6,0.6,0.6,0.6,0.6,0.6,0.6,0.6,0.6,0.6,0.6,0.6,0.6,0.6,0.6,0.6,0.6,0.6,0.6,0.6,0.6,0.6,0.6,0.6,0.6,0.6,0.6,0.6,0.6,0.6,0.6,0.6,0.6,0.6,0.6,0.6,0.6,0.6,0.6,0.6,0.6,0.6,0.6,0.6,0.6,0.6,0.6,0.6,0.6,0.6,0.6,0.6,0.6,0.6,0.6,0.6,0.6,0.6,0.6,0.6,0.6,0.6,0.6,0.6,0.6,0.6,0.6,0.6,0.6,0.6,0.6,0.6,0.6,0.6,0.6,0.6,0.6,0.6,0.6,0.6,0.6,0.6,0.6,0.6,0.6,0.6,0.6,0.6,0.6,0.6,0.6,0.6,0.6,0.6,0.6,0.6,0.6,0.6,0.6,0.6,0.6,0.6,0.6,0.6,0.6,0.6,0.6,0.6,0.6,0.6,0.6,0.6,0.6,0.6,0.6,0.6
0.6,0.6,0.6,0.6,0.6,0.6,0.6,0.6,0.6,0.6,0.6,0.6,0.6,0.6,0.6,0.6,0.6,0.6,0.6,0.6,0.6,0.6,0.6,0.6,0.6,0.6,0.6,0.6,0.6,0.6,0.6,0.6,0.6,0.6,0.6,0.6,0.6,0.6,0.6,0.6,0.6,0.6,0.6,0.6,0.6,0.6,0.6,0.6,0.6,0.6,0.6,0.6,0.6,0.6,0.6,0.6,0.6,0.6,0.6,0.6,0.6,0.6,0.6,0.6,0.6,0.6,0.6,0.6,0.6,0.6,0.6,0.6,0.6,0.6,0.6,0.6,0.6,0.6,0.6,0.6,0.6,0.6,0.6,0.6,0.6,0.6,0.6,0.6,0.6,0.6,0.6,0.6,0.6,0.6,0.6,0.6,0.6,0.6,0.6,0.6,0.6,0.6,0.6,0.6,0.6,0.6,0.6,0.6,0.6,0.6,0.6,0.6,0.6,0.6,0.6,0.6,0.6,0.6,0.6,0.6
0.6,0.6,0.6,0.6,0.6,0.6,0.6,0.6,0.6,0.6,0.6,0.6,0.6,0.6,0.6,0.6,0.6,0.6,0.6,0.6,0.6,0.6,0.6,0.6,0.6,0.6,0.6,0.6,0.6,0.6,0.6,0.6,0.6,0.6,0.6,0.6,0.6,0.6,0.6,0.6,0.6,0.6,0.6,0.6,0.6,0.6,0.6,0.6,0.6,0.6,0.6,0.6,0.6,0.6,0.6,0.6,0.6,0.6,0.6,0.6,0.6,0.6,0.6,0.6,0.6,0.6,0.6,0.6,0.6,0.6,0.6,0.6,0.6,0.6,0.6,0.6,0.6,0.6,0.6,0.6,0.6,0.6,0.6,0.6,0.6,0.6,0.6,0.6,0.6,0.6,0.6,0.6,0.6,0.6,0.6,0.6,0.6,0.6,0.6,0.6,0.6,0.6,0.6,0.6,0.6,0.6,0.6,0.6,0.6,0.6,0.6,0.6,0.6,0.6,0.6,0.6,0.6,0.6,0.6,0.6
0.6,0.6,0.6,0.6,0.6,0.6,0.6,0.6,0.6,0.6,0.6,0.6,0.6,0.6,0.6,0.6,0.6,0.6,0.6,0.6,0.6,0.6,0.6,0.6,0.6,0.6,0.6,0.6,0.6,0.6,0.6,0.6,0.6,0.6,0.6,0.6,0.6,0.6,0.6,0.6,0.6,0.6,0.6,0.6,0.6,0.6,0.6,0.6,0.6,0.6,0.6,0.6,0.6,0.6,0.6,0.6,0.6,0.6,0.6,0.6,0.6,0.6,0.6,0.6,0.6,0.6,0.6,0.6,0.6,0.6,0.6,0.6,0.6,0.6,0.6,0.6,0.6,0.6,0.6,0.6,0.6,0.6,0.6,0.6,0.6,0.6,0.6,0.6,0.6,0.6,0.6,0.6,0.6,0.6,0.6,0.6,0.6,0.6,0.6,0.6,0.6,0.6,0.6,0.6,0.6,0.6,0.6,0.6,0.6,0.6,0.6,0.6,0.6,0.6,0.6,0.6,0.6,0.6,0.6,0.6
0.6,0.6,0.6,0.6,0.6,0.6,0.6,0.6,0.6,0.6,0.6,0.6,0.6,0.6,0.6,0.6,0.6,0.6,0.6,0.6,0.6,0.6,0.6,0.6,0.6,0.6,0.6,0.6,0.6,0.6,0.6,0.6,0.6,0.6,0.6,0.6,0.6,0.6,0.6,0.6,0.6,0.6,0.6,0.6,0.6,0.6,0.6,0.6,0.6,0.6,0.6,0.6,0.6,0.6,0.6,0.6,0.6,0.6,0.6,0.6,0.6,0.6,0.6,0.6,0.6,0.6,0.6,0.6,0.6,0.6,0.6,0.6,0.6,0.6,0.6,0.6,0.6,0.6,0.6,0.6,0.6,0.6,0.6,0.6,0.6,0.6,0.6,0.6,0.6,0.6,0.6,0.6,0.6,0.6,0.6,0.6,0.6,0.6,0.6,0.6,0.6,0.6,0.6,0.6,0.6,0.6,0.6,0.6,0.6,0.6,0.6,0.6,0.6,0.6,0.6,0.6,0.6,0.6,0.6,0.6
0.6,0.6,0.6,0.6,0.6,0.6,0.6,0.6,0.6,0.6,0.6,0.6,0.6,0.6,0.6,0.6,0.6,0.6,0.6,0.6,0.6,0.6,0.6,0.6,0.6,0.6,0.6,0.6,0.6,0.6,0.6,0.6,0.6,0.6,0.6,0.6,0.6,0.6,0.6,0.6,0.6,0.6,0.6,0.6,0.6,0.6,0.6,0.6,0.6,0.6,0.6,0.6,0.6,0.6,0.6,0.6,0.6,0.6,0.6,0.6,0.8853834,0.8853834,0.8853834,0.8853834,0.6,0.6,0.6,0.6,0.6,0.6,0.6,0.6,0.6,0.6,0.6,0.6,0.6,0.6,0.6,0.6,0.6,0.6,0.6,0.6,0.6,0.6,0.6,0.6,0.6,0.6,0.6,0.6,0.6,0.6,0.6,0.6,0.6,0.6,0.6,0.6,0.6,0.6,0.6,0.6,0.6,0.6,0.6,0.6,0.6,0.6,0.6,0.6,0.6,0.6,0.6,0.6,0.6,0.6,0.6,0.6
0.6,0.6,0.6,0.6,0.6,0.6,0.6,0.6,0.6,0.6,0.6,0.6,0.6,0.6,0.6,0.6,0.6,0.6,0.6,0.6,0.6,0.6,0.6,0.6,0.6,0.6,0.6,0.6,0.6,0.6,0.6,0.6,0.6,0.6,0.6,0.6,0.6,0.6,0.6,0.6,0.6,0.6,0.6,0.6,0.6,0.6,0.6,0.6,0.6,0.6,0.6,0.6,0.6,0.6,0.6,0.6,0.6,0.6,0.6,0.6,0.8853834,0.8853834,0.8853834,0.8853834,0.6,0.6,0.6,0.6,0.6,0.6,0.6,0.6,0.6,0.6,0.6,0.6,0.6,0.6,0.6,0.6,0.6,0.6,0.6,0.6,0.6,0.6,0.6,0.6,0.6,0.6,0.6,0.6,0.6,0.6,0.6,0.6,0.6,0.6,0.6,0.6,0.6,0.6,0.6,0.6,0.6,0.6,0.6,0.6,0.6,0.6,0.6,0.6,0.6,0.6,0.6,0.6,0.6,0.6,0.6,0.6
0.6,0.6,0.6,0.6,0.6,0.6,0.6,0.6,0.6,0.6,0.6,0.6,0.6,0.6,0.6,0.6,0.6,0.6,0.6,0.6,0.6,0.6,0.6,0.6,0.6,0.6,0.6,0.6,0.6,0.6,0.6,0.6,0.6,0.6,0.6,0.6,0.6,0.6,0.6,0.6,0.6,0.6,0.6,0.6,0.6,0.6,0.6,0.6,0.6,0.6,0.6,0.6,0.6,0.6,0.6,0.6,0.6,0.6,0.6,0.6,0.8853834,0.8853834,0.8853834,0.8853834,0.6,0.6,0.6,0.6,0.6,0.6,0.6,0.6,0.6,0.6,0.6,0.6,0.6,0.6,0.6,0.6,0.6,0.6,0.6,0.6,0.6,0.6,0.6,0.6,0.6,0.6,0.6,0.6,0.6,0.6,0.6,0.6,0.6,0.6,0.6,0.6,0.6,0.6,0.6,0.6,0.6,0.6,0.6,0.6,0.6,0.6,0.6,0.6,0.6,0.6,0.6,0.6,0.6,0.6,0.6,0.6
0.6,0.6,0.6,0.6,0.6,0.6,0.6,0.6,0.6,0.6,0.6,0.6,0.6,0.6,0.6,0.6,0.6,0.6,0.6,0.6,0.6,0.6,0.6,0.6,0.6,0.6,0.6,0.6,0.6,0.6,0.6,0.6,0.6,0.6,0.6,0.6,0.6,0.6,0.6,0.6,0.6,0.6,0.6,0.6,0.6,0.6,0.6,0.6,0.6,0.6,0.6,0.6,0.6,0.6,0.6,0.6,0.6,0.6,0.6,0.6,0.8853834,0.8853834,0.8853834,0.8853834,0.6,0.6,0.6,0.6,0.6,0.6,0.6,0.6,0.6,0.6,0.6,0.6,0.6,0.6,0.6,0.6,0.6,0.6,0.6,0.6,0.6,0.6,0.6,0.6,0.6,0.6,0.6,0.6,0.6,0.6,0.6,0.6,0.6,0.6,0.6,0.6,0.6,0.6,0.6,0.6,0.6,0.6,0.6,0.6,0.6,0.6,0.6,0.6,0.6,0.6,0.6,0.6,0.6,0.6,0.6,0.6
0.6,0.6,0.6,0.6,0.6,0.6,0.6,0.6,0.6,0.6,0.6,0.6,0.6,0.6,0.6,0.6,0.6,0.6,0.6,0.6,0.6,0.6,0.6,0.6,0.6,0.6,0.6,0.6,0.6,0.6,0.6,0.6,0.6,0.6,0.6,0.6,0.6,0.6,0.6,0.6,0.6,0.6,0.6,0.6,0.6,0.6,0.6,0.6,0.6,0.6,0.6,0.6,0.6,0.6,0.6,0.6,0.6,0.6,0.6,0.6,1.4920594,1.4920594,1.4920594,1.4920594,0.6,0.6,0.6,0.6,0.6,0.6,0.6,0.6,0.6,0.6,0.6,0.6,0.6,0.6,0.6,0.6,0.6,0.6,0.6,0.6,0.6,0.6,0.6,0.6,0.6,0.6,0.6,0.6,0.6,0.6,0.6,0.6,0.6,0.6,0.6,0.6,0.6,0.6,0.6,0.6,0.6,0.6,0.6,0.6,0.6,0.6,0.6,0.6,0.6,0.6,0.6,0.6,0.6,0.6,0.6,0.6
0.6,0.6,0.6,0.6,0.6,0.6,0.6,0.6,0.6,0.6,0.6,0.6,0.6,0.6,0.6,0.6,0.6,0.6,0.6,0.6,0.6,0.6,0.6,0.6,0.6,0.6,0.6,0.6,0.6,0.6,0.6,0.6,0.6,0.6,0.6,0.6,0.6,0.6,0.6,0.6,0.6,0.6,0.6,0.6,0.6,0.6,0.6,0.6,0.6,0.6,0.6,0.6,0.6,0.6,0.6,0.6,0.6,0.6,0.6,0.6,1.4920594,1.4920594,1.4920594,1.4920594,0.6,0.6,0.6,0.6,0.6,0.6,0.6,0.6,0.6,0.6,0.6,0.6,0.6,0.6,0.6,0.6,0.6,0.6,0.6,0.6,0.6,0.6,0.6,0.6,0.6,0.6,0.6,0.6,0.6,0.6,0.6,0.6,0.6,0.6,0.6,0.6,0.6,0.6,0.6,0.6,0.6,0.6,0.6,0.6,0.6,0.6,0.6,0.6,0.6,0.6,0.6,0.6,0.6,0.6,0.6,0.6
0.6,0.6,0.6,0.6,0.6,0.6,0.6,0.6,0.6,0.6,0.6,0.6,0.6,0.6,0.6,0.6,0.6,0.6,0.6,0.6,0.6,0.6,0.6,0.6,0.6,0.6,0.6,0.6,0.6,0.6,0.6,0.6,0.6,0.6,0.6,0.6,0.6,0.6,0.6,0.6,0.6,0.6,0.6,0.6,0.6,0.6,0.6,0.6,0.6,0.6,0.6,0.6,0.6,0.6,0.6,0.6,0.6,0.6,0.6,0.6,1.4920594,1.4920594,1.4920594,1.4920594,0.6,0.6,0.6,0.6,0.6,0.6,0.6,0.6,0.6,0.6,0.6,0.6,0.6,0.6,0.6,0.6,0.6,0.6,0.6,0.6,0.6,0.6,0.6,0.6,0.6,0.6,0.6,0.6,0.6,0.6,0.6,0.6,0.6,0.6,0.6,0.6,0.6,0.6,0.6,0.6,0.6,0.6,0.6,0.6,0.6,0.6,0.6,0.6,0.6,0.6,0.6,0.6,0.6,0.6,0.6,0.6
0.6,0.6,0.6,0.6,0.6,0.6,0.6,0.6,0.6,0.6,0.6,0.6,0.6,0.6,0.6,0.6,0.6,0.6,0.6,0.6,0.6,0.6,0.6,0.6,0.6,0.6,0.6,0.6,0.6,0.6,0.6,0.6,0.6,0.6,0.6,0.6,0.6,0.6,0.6,0.6,0.6,0.6,0.6,0.6,0.6,0.6,0.6,0.6,0.6,0.6,0.6,0.6,0.6,0.6,0.6,0.6,0.6,0.6,0.6,0.6,1.4920594,1.4920594,1.4920594,1.4920594,0.6,0.6,0.6,0.6,0.6,0.6,0.6,0.6,0.6,0.6,0.6,0.6,0.6,0.6,0.6,0.6,0.6,0.6,0.6,0.6,0.6,0.6,0.6,0.6,0.6,0.6,0.6,0.6,0.6,0.6,0.6,0.6,0.6,0.6,0.6,0.6,0.6,0.6,0.6,0.6,0.6,0.6,0.6,0.6,0.6,0.6,0.6,0.6,0.6,0.6,0.6,0.6,0.6,0.6,0.6,0.6
0.6,0.6,0.6,0.6,0.6,0.6,0.6,0.6,0.6,0.6,0.6,0.6,0.856715,0.856715,0.856715,0.856715,0.6,0.6,0.6,0.6,0.6,0.6,0.6,0.6,0.6,0.6,0.6,0.6,0.6,0.6,0.6,0.6,0.6,0.6,0.6,0.6,0.6,0.6,0.6,0.6,1.0145695,1.0145695,1.0145695,1.0145695,0.6,0.6,0.6,0.6,0.92363876,0.92363876,0.92363876,0.92363876,1.1393793,1.1393793,1.1393793,1.1393793,0.6,0.6,0.6,0.6,1.5038363,1.5038363,1.5038363,1.5038363,0.6,0.6,0.6,0.6,0.602221,0.602221,0.602221,0.602221,0.6,0.6,0.6,0.6,0.6,0.6,0.6,0.6,0.6,0.6,0.6,0.6,0.6,0.6,0.6,0.6,0.6,0.6,0.6,0.6,0.6,0.6,0.6,0.6,0.6,0.6,0.6,0.6,0.6,0.6,0.6,0.6,0.6,0.6,0.6,0.6,0.6,0.6,0.6,0.6,0.6,0.6,0.6,0.6,0.6,0.6,0.6,0.6
0.6,0.6,0.6,0.6,0.6,0.6,0.6,0.6,0.6,0.6,0.6,0.6,0.856715,0.856715,0.856715,0.856715,0.6,0.6,0.6,0.6,0.6,0.6,0.6,0.6,0.6,0.6,0.6,0.6,0.6,0.6,0.6,0.6,0.6,0.6,0.6,0.6,0.6,0.6,0.6,0.6,1.0145695,1.0145695,1.0145695,1.0145695,0.6,0.6,0.6,0.6,0.92363876,0.92363876,0.92363876,0.92363876,1.1393793,1.1393793,1.1393793,1.1393793,0.6,0.6,0.6,0.6,1.5038363,1.5038363,1.5038363,1.5038363,0.6,0.6,0.6,0.6,0.602221,0.602221,0.602221,0.602221,0.6,0.6,0.6,0.6,0.6,0.6,0.6,0.6,0.6,0.6,0.6,0.6,0.6,0.6,0.6,0.6,0.6,0.6,0.6,0.6,0.6,0.6,0.6,0.6,0.6,0.6,0.6,0.6,0.6,0.6,0.6,0.6,0.6,0.6,0.6,0.6,0.6,0.6,0.6,0.6,0.6,0.6,0.6,0.6,0.6,0.6,0.6,0.6
0.6,0.6,0.6,0.6,0.6,0.6,0.6,0.6,0.6,0.6,0.6,0.6,0.856715,0.856715,0.856715,0.856715,0.6,0.6,0.6,0.6,0.6,0.6,0.6,0.6,0.6,0.6,0.6,0.6,0.6,0.6,0.6,0.6,0.6,0.6,0.6,0.6,0.6,0.6,0.6,0.6,1.0145695,1.0145695,1.0145695,1.0145695,0.6,0.6,0.6,0.6,0.92363876,0.92363876,0.92363876,0.92363876,1.1393793,1.1393793,1.1393793,1.1393793,0.6,0.6,0.6,0.6,1.5038363,1.5038363,1.5038363,1.5038363,0.6,0.6,0.6,0.6,0.602221,0.602221,0.602221,0.602221,0.6,0.6,0.6,0.6,0.6,0.6,0.6,0.6,0.6,0.6,0.6,0.6,0.6,0.6,0.6,0.6,0.6,0.6,0.6,0.6,0.6,0.6,0.6,0.6,0.6,0.6,0.6,0.6,0.6,0.6,0.6,0.6,0.6,0.6,0.6,0.6,0.6,0.6,0.6,0.6,0.6,0.6,0.6,0.6,0.6,0.6,0.6,0.6
0.6,0.6,0.6,0.6,0.6,0.6,0.6,0.6,0.6,0.6,0.6,0.6,0.856715,0.856715,0.856715,0.856715,0.6,0.6,0.6,0.6,0.6,0.6,0.6,0.6,0.6,0.6,0.6,0.6,0.6,0.6,0.6,0.6,0.6,0.6,0.6,0.6,0.6,0.6,0.6,0.6,1.0145695,1.0145695,1.0145695,1.0145695,0.6,0.6,0.6,0.6,0.92363876,0.92363876,0.92363876,0.92363876,1.1393793,1.1393793,1.1393793,1.1393793,0.6,0.6,0.6,0.6,1.5038363,1.5038363,1.5038363,1.5038363,0.6,0.6,0.6,0.6,0.602221,0.602221,0.602221,0.602221,0.6,0.6,0.6,0.6,0.6,0.6,0.6,0.6,0.6,0.6,0.6,0.6,0.6,0.6,0.6,0.6,0.6,0.6,0.6,0.6,0.6,0.6,0.6,0.6,0.6,0.6,0.6,0.6,0.6,0.6,0.6,0.6,0.6,0.6,0.6,0.6,0.6,0.6,0.6,0.6,0.6,0.6,0.6,0.6,0.6,0.6,0.6,0.6
1.3332422,1.3332422,1.3332422,1.3332422,1.4805734,1.4805734,1.4805734,1.4805734,1.366289,1.366289,1.366289,1.366289,1.368635,1.368635,1.368635,1.368635,1.7432234,1.7432234,1.7432234,1.7432234,1.6094797,1.6094797,1.6094797,1.6094797,1.8472954,1.8472954,1.8472954,1.8472954,1.382347,1.382347,1.382347,1.382347,1.7997713,1.7997713,1.7997713,1.7997713,1.9681628,1.9681628,1.9681628,1.9681628,1.2532672,1.2532672,1.2532672,1.2532672,1.5005378,1.5005378,1.5005378,1.5005378,1.983673,1.983673,1.983673,1.983673,2.1858373,2.1858373,2.1858373,2.1858373,1.9030279,1.9030279,1.9030279,1.9030279,2.7643118,2.7643118,2.7643118,2.7643118,2.4306011,2.4306011,2.4306011,2.4306011,1.9652846,1.9652846,1.9652846,1.9652846,1.5993497,1.5993497,1.5993497,1.5993497,1.4183507,1.4183507,1.4183507,1.4183507,1.3543365,1.3543365,1.3543365,1.3543365,1.2961035,1.2961035,1.2961035,1.2961035,1.2202302,1.2202302,1.2202302,1.2202302,1.2783864,1.2783864,1.2783864,1.2783864,1.0162041,1.0162041,1.0162041,1.0162041,1.2347114,1.2347114,1.2347114,1.2347114,1.1078165,1.1078165,1.1078165,1.1078165,0.98916864,0.98916864,0.98916864,0.98916864,0.83268934,0.83268934,0.83268934,0.83268934,0.8295531,0.8295531,0.8295531,0.8295531
1.3332422,1.3332422,1.3332422,1.3332422,1.4805734,1.4805734,1.4805734,1.4805734,1.366289,1.366289,1.366289,1.366289,1.368635,1.368635,1.368635,1.368635,1.7432234,1.7432234,1.7432234,1.7432234,1.6094797,1.6094797,1.6094797,1.6094797,1.8472954,1.8472954,1.8472954,1.8472954,1.382347,1.382347,1.382347,1.382347,1.7997713,1.7997713,1.7997713,1.7997713,1.9681628,1.9681628,1.9681628,1.9681628,1.2532672,1.2532672,1.2532672,1.2532672,1.5005378,1.5005378,1.5005378,1.5005378,1.983673,1.983673,1.983673,1.983673,2.1858373,2.1858373,2.1858373,2.1858373,1.9030279,1.9030279,1.9030279,1.9030279,2.7643118,2.7643118,2.7643118,2.7643118,2.4306011,2.4306011,2.4306011,2.4306011,1.9652846,1.9652846,1.9652846,1.9652846,1.5993497,1.5993497,1.5993497,1.5993497,1.4183507,1.4183507,1.4183507,1.4183507,1.3543365,1.3543365,1.3543365,1.3543365,1.2961035,1.2961035,1.2961035,1.2961035,1.2202302,1.2202302,1.2202302,1.2202302,1.2783864,1.2783864,1.2783864,1.2783864,1.0162041,1.0162041,1.0162041,1.0162041,1.2347114,1.2347114,1.2347114,1.2347114,1.1078165,1.1078165,1.1078165,1.1078165,0.98916864,0.98916864,0.98916864,0.98916864,0.83268934,0.83268934,0.83268934,0.83268934,0.8295531,0.8295531,0.8295531,0.8295531
1.3332422,1.3332422,1.3332422,1.3332422,1.4805734,1.4805734,1.4805734,1.4805734,1.366289,1.366289,1.366289,1.366289,1.368635,1.368635,1.368635,1.368635,1.7432234,1.7432234,1.7432234,1.7432234,1.6094797,1.6094797,1.6094797,1.6094797,1.8472954,1.8472954,1.8472954,1.8472954,1.382347,1.382347,1.382347,1.382347,1.7997713,1.7997713,1.7997713,1.7997713,1.9681628,1.9681628,1.9681628,1.9681628,1.2532672,1.2532672,1.2532672,1.2532672,1.5005378,1.5005378,1.5005378,1.5005378,1.983673,1.983673,1.983673,1.983673,2.1858373,2.1858373,2.1858373,2.1858373,1.9030279,1.9030279,1.9030279,1.9030279,2.7643118,2.7643118,2.7643118,2.7643118,2.4306011,2.4306011,2.4306011,2.4306011,1.9652846,1.9652846,1.9652846,1.9652846,1.5993497,1.5993497,1.5993497,1.5993497,1.4183507,1.4183507,1.4183507,1.4183507,1.3543365,1.3543365,1.3543365,1.3543365,1.2961035,1.2961035,1.2961035,1.2961035,1.2202302,1.2202302,1.2202302,1.2202302,1.2783864,1.2783864,1.2783864,1.2783864,1.0162041,1.0162041,1.0162041,1.0162041,1.2347114,1.2347114,1.2347114,1.2347114,1.1078165,1.1078165,1.1078165,1.1078165,0.98916864,0.98916864,0.98916864,0.98916864,0.83268934,0.83268934,0.83268934,0.83268934,0.8295531,0.8295531,0.8295531,0.8295531
1.3332422,1.3332422,1.3332422,1.3332422,1.4805734,1.4805734,1.4805734,1.4805734,1.366289,1.366289,1.366289,1.366289,1.368635,1.368635,1.368635,1.368635,1.7432234,1.7432234,1.7432234,1.7432234,1.6094797,1.6094797,1.6094797,1.6094797,1.8472954,1.8472954,1.8472954,1.8472954,1.382347,1.382347,1.382347,1.382347,1.7997713,1.7997713,1.7997713,1.7997713,1.9681628,1.9681628,1.9681628,1.9681628,1.2532672,1.2532672,1.2532672,1.2532672,1.5005378,1.5005378,1.5005378,1.5005378,1.983673,1.983673,1.983673,1.983673,2.1858373,2.1858373,2.1858373,2.1858373,1.9030279,1.9030279,1.9030279,1.9030279,2.7643118,2.7643118,2.7643118,2.7643118,2.4306011,2.4306011,2.4306011,2.4306011,1.9652846,1.9652846,1.9652846,1.9652846,1.5993497,1.5993497,1.5993497,1.5993497,1.4183507,1.4183507,1.4183507,1.4183507,1.3543365,1.3543365,1.3543365,1.3543365,1.2961035,1.2961035,1.2961035,1.2961035,1.2202302,1.2202302,1.2202302,1.2202302,1.2783864,1.2783864,1.2783864,1.2783864,1.0162041,1.0162041,1.0162041,1.0162041,1.2347114,1.2347114,1.2347114,1.2347114,1.1078165,1.1078165,1.1078165,1.1078165,0.98916864,0.98916864,0.98916864,0.98916864,0.83268934,0.83268934,0.83268934,0.83268934,0.8295531,0.8295531,0.8295531,0.8295531
1.442405,1.442405,1.442405,1.442405,1.6271679,1.6271679,1.6271679,1.6271679,1.5426043,1.5426043,1.5426043,1.5426043,1.5361402,1.5361402,1.5361402,1.5361402,1.7344933,1.7344933,1.7344933,1.7344933,1.9463166,1.9463166,1.9463166,1.9463166,2.135195,2.135195,2.135195,2.135195,2.3969436,2.3969436,2.3969436,2.3969436,2.430578,2.430578,2.430578,2.430578,2.2337623,2.2337623,2.2337623,2.2337623,2.571061,2.571061,2.571061,2.571061,2.9003448,2.9003448,2.9003448,2.9003448,2.149589,2.149589,2.149589,2.149589,2.612426,2.612426,2.612426,2.612426,2.8996243,2.8996243,2.8996243,2.8996243,3.0,3.0,3.0,3.0,3.0,3.0,3.0,3.0,2.1045482,2.1045482,2.1045482,2.1045482,2.379349,2.379349,2.379349,2.379349,2.0819438,2.0819438,2.0819438,2.0819438,2.1172297,2.1172297,2.1172297,2.1172297,2.430716,2.430716,2.430716,2.430716,2.1070766,2.1070766,2.1070766,2.1070766,2.126311,2.126311,2.126311,2.126311,2.1829853,2.1829853,2.1829853,2.1829853,1.5938448,1.5938448,1.5938448,1.5938448,1.6680903,1.6680903,1.6680903,1.6680903,1.6799649,1.6799649,1.6799649,1.6799649,1.9441136,1.9441136,1.9441136,1.9441136,1.7928163,1.7928163,1.7928163,1.7928163
1.442405,1.442405,1.442405,1.442405,1.6271679,1.6271679,1.6271679,1.6271679,1.5426043,1.5426043,1.5426043,1.5426043,1.5361402,1.5361402,1.5361402,1.5361402,1.7344933,1.7344933,1.7344933,1.7344933,1.9463166,1.9463166,1.9463166,1.9463166,2.135195,2.135195,2.135195,2.135195,2.3969436,2.3969436,2.3969436,2.3969436,2.430578,2.430578,2.430578,2.430578,2.2337623,2.2337623,2.2337623,2.2337623,2.571061,2.571061,2.571061,2.571061,2.9003448,2.9003448,2.9003448,2.9003448,2.149589,2.149589,2.149589,2.149589,2.612426,2.612426,2.612426,2.612426,2.8996243,2.8996243,2.8996243,2.8996243,3.0,3.0,3.0,3.0,3.0,3.0,3.0,3.0,2.1045482,2.1045482,2.1045482,2.1045482,2.379349,2.379349,2.379349,2.379349,2.0819438,2.0819438,2.0819438,2.0819438,2.1172297,2.1172297,2.1172297,2.1172297,2.430716,2.430716,2.430716,2.430716,2.1070766,2.1070766,2.1070766,2.1070766,2.126311,2.126311,2.126311,2.126311,2.1829853,2.1829853,2.1829853,2.1829853,1.5938448,1.5938448,1.5938448,1.5938448,1.6680903,1.6680903,1.6680903,1.6680903,1.6799649,1.6799649,1.6799649,1.6799649,1.9441136,1.9441136,1.9441136,1.9441136,1.7928163,1.7928163,1.7928163,1.7928163
1.442405,1.442405,1.442405,1.442405,1.6271679,1.6271679,1.6271679,1.6271679,1.5426043,1.5426043,1.5426043,1.5426043,1.5361402,1.5361402,1.5361402,1.5361402,1.7344933,1.7344933,1.7344933,1.7344933,1.9463166,1.9463166,1.9463166,1.9463166,2.135195,2.135195,2.135195,2.135195,2.3969436,2.3969436,2.3969436,2.3969436,2.430578,2.430578,2.430578,2.430578,2.2337623,2.2337623,2.2337623,2.2337623,2.571061,2.571061,2.571061,2.571061,2.9003448,2.9003448,2.9003448,2.9003448,2.149589,2.149589,2.149589,2.149589,2.612426,2.612426,2.612426,2.612426,2.8996243,2.8996243,2.8996243,2.8996243,3.0,3.0,3.0,3.0,3.0,3.0,3.0,3.0,2.1045482,2.1045482,2.1045482,2.1045482,2.379349,2.379349,2.379349,2.379349,2.0819438,2.0819438,2.0819438,2.0819438,2.1172297,2.1172297,2.1172297,2.1172297,2.430716,2.430716,2.430716,2.430716,2.1070766,2.1070766,2.1070766,2.1070766,2.126311,2.126311,2.126311,2.126311,2.1829853,2.1829853,2.1829853,2.1829853,1.5938448,1.5938448,1.5938448,1.5938448,1.6680903,1.6680903,1.6680903,1.6680903,1.6799649,1.6799649,1.6799649,1.6799649,1.9441136,1.9441136,1.9441136,1.9441136,1.7928163,1.7928163,1.7928163,1.7928163
1.442405,1.442405,1.442405,1.442405,1.6271679,1.6271679,1.6271679,1.6271679,1.5426043,1.5426043,1.5426043,1.5426043,1.5361402,1.5361402,1.5361402,1.5361402,1.7344933,1.7344933,1.7344933,1.7344933,1.9463166,1.9463166,1.9463166,1.9463166,2.135195,2.135195,2.135195,2.135195,2.3969436,2.3969436,2.3969436,2.3969436,2.430578,2.430578,2.430578,2.430578,2.2337623,2.2337623,2.2337623,2.2337623,2.571061,2.571061,2.571061,2.571061,2.9003448,2.9003448,2.9003448,2.9003448,2.149589,2.149589,2.149589,2.149589,2.612426,2.612426,2.612426,2.612426,2.8996243,2.8996243,2.8996243,2.8996243,3.0,3.0,3.0,3.0,3.0,3.0,3.0,3.0,2.1045482,2.1045482,2.1045482,2.1045482,2.379349,2.379349,2.379349,2.379349,2.0819438,2.0819438,2.0819438,2.0819438,2.1172297,2.1172297,2.1172297,2.1172297,2.430716,2.430716,2.430716,2.430716,2.1070766,2.1070766,2.1070766,2.1070766,2.126311,2.126311,2.126311,2.126311,2.1829853,2.1829853,2.1829853,2.1829853,1.5938448,1.5938448,1.5938448,1.5938448,1.6680903,1.6680903,1.6680903,1.6680903,1.6799649,1.6799649,1.6799649,1.6799649,1.9441136,1.9441136,1.9441136,1.9441136,1.7928163,1.7928163,1.7928163,1.7928163
1.8443832,1.8443832,1.8443832,1.8443832,1.5642084,1.5642084,1.5642084,1.5642084,1.6070487,1.6070487,1.6070487,1.6070487,2.0447814,2.0447814,2.0447814,2.0447814,2.1224315,2.1224315,2.1224315,2.1224315,2.2823217,2.2823217,2.2823217,2.2823217,2.3384686,2.3384686,2.3384686,2.3384686,2.1924102,2.1924102,2.1924102,2.1924102,2.2408044,2.2408044,2.2408044,2.2408044,2.3415425,2.3415425,2.3415425,2.3415425,2.4707255,2.4707255,2.4707255,2.4707255,2.2638414,2.2638414,2.2638414,2.2638414,2.859933,2.859933,2.859933,2.859933,2.3837368,2.3837368,2.3837368,2.3837368,2.9801538,2.9801538,2.9801538,2.9801538,2.8484342,2.8484342,2.8484342,2.8484342,3.0,3.0,3.0,3.0,3.0,3.0,3.0,3.0,3.0,3.0,3.0,3.0,3.0,3.0,3.0,3.0,2.5032406,2.5032406,2.5032406,2.5032406,2.7294278,2.7294278,2.7294278,2.7294278,2.6897976,2.6897976,2.6897976,2.6897976,2.442285,2.442285,2.442285,2.442285,2.4395804,2.4395804,2.4395804,2.4395804,2.4616315,2.4616315,2.4616315,2.4616315,2.2609458,2.2609458,2.2609458,2.2609458,2.2117224,2.2117224,2.2117224,2.2117224,1.8893406,1.8893406,1.8893406,1.8893406,1.8604935,1.8604935,1.8604935,1.8604935
1.8443832,1.8443832,1.8443832,1.8443832,1.5642084,1.5642084,1.5642084,1.5642084,1.6070487,1.6070487,1.6070487,1.6070487,2.0447814,2.0447814,2.0447814,2.0447814,2.1224315,2.1224315,2.1224315,2.1224315,2.2823217,2.2823217,2.2823217,2.2823217,2.3384686,2.3384686,2.3384686,2.3384686,2.1924102,2.1924102,2.1924102,2.1924102,2.2408044,2.2408044,2.2408044,2.2408044,2.3415425,2.3415425,2.3415425,2.3415425,2.4707255,2.4707255,2.4707255,2.4707255,2.2638414,2.2638414,2.2638414,2.2638414,2.859933,2.859933,2.859933,2.859933,2.3837368,2.3837368,2.3837368,2.3837368,2.9801538,2.9801538,2.9801538,2.9801538,2.8484342,2.8484342,2.8484342,2.8484342,3.0,3.0,3.0,3.0,3.0,3.0,3.0,3.0,3.0,3.0,3.0,3.0,3.0,3.0,3.0,3.0,2.5032406,2.5032406,2.5032406,2.5032406,2.7294278,2.7294278,2.7294278,2.7294278,2.6897976,2.6897976,2.6897976,2.6897976,2.442285,2.442285,2.442285,2.442285,2.4395804,2.4395804,2.4395804,2.4395804,2.4616315,2.4616315,2.4616315,2.4616315,2.2609458,2.2609458,2.2609458,2.2609458,2.2117224,2.2117224,2.2117224,2.2117224,1.8893406,1.8893406,1.8893406,1.8893406,1.8604935,1.8604935,1.8604935,1.8604935
1.8443832,1.8443832,1.8443832,1.8443832,1.5642084,1.5642084,1.5642084,1.5642084,1.6070487,1.6070487,1.6070487,1.6070487,2.0447814,2.0447814,2.0447814,2.0447814,2.1224315,2.1224315,2.1224315,2.1224315,2.2823217,2.2823217,2.2823217,2.2823217,2.3384686,2.3384686,2.3384686,2.3384686,2.1924102,2.1924102,2.1924102,2.1924102,2.2408044,2.2408044,2.2408044,2.2408044,2.3415425,2.3415425,2.3415425,2.3415425,2.4707255,2.4707255,2.4707255,2.4707255,2.2638414,2.2638414,2.2638414,2.2638414,2.859933,2.859933,2.859933,2.859933,2.3837368,2.3837368,2.3837368,2.3837368,2.9801538,2.9801538,2.9801538,2.9801538,2.8484342,2.8484342,2.8484342,2.8484342,3.0,3.0,3.0,3.0,3.0,3.0,3.0,3.0,3.0,3.0,3.0,3.0,3.0,3.0,3.0,3.0,2.5032406,2.5032406,2.5032406,2.5032406,2.7294278,2.7294278,2.7294278,2.7294278,2.6897976,2.6897976,2.6897976,2.6897976,2.442285,2.442285,2.442285,2.442285,2.4395804,2.4395804,2.4395804,2.4395804,2.4616315,2.4616315,2.4616315,2.4616315,2.2609458,2.2609458,2.2609458,2.2609458,2.2117224,2.2117224,2.2117224,2.2117224,1.8893406,1.8893406,1.8893406,1.8893406,1.8604935,1.8604935,1.8604935,1.8604935
1.8443832,1.8443832,1.8443832,1.8443832,1.5642084,1.5642084,1.5642084,1.5642084,1.6070487,1.6070487,1.6070487,1.6070487,2.0447814,2.0447814,2.0447814,2.0447814,2.1224315,2.1224315,2.1224315,2.1224315,2.2823217,2.2823217,2.2823217,2.2823217,2.3384686,2.3384686,2.3384686,2.3384686,2.1924102,2.1924102,2.1924102,2.1924102,2.2408044,2.2408044,2.2408044,2.2408044,2.3415425,2.3415425,2.3415425,2.3415425,2.4707255,2.4707255,2.4707255,2.4707255,2.2638414,2.2638414,2.2638414,2.2638414,2.859933,2.859933,2.859933,2.859933,2.3837368,2.3837368,2.3837368,2.3837368,2.9801538,2.9801538,2.9801538,2.9801538,2.8484342,2.8484342,2.8484342,2.8484342,3.0,3.0,3.0,3.0,3.0,3.0,3.0,3.0,3.0,3.0,3.0,3.0,3.0,3.0,3.0,3.0,2.5032406,2.5032406,2.5032406,2.5032406,2.7294278,2.7294278,2.7294278,2.7294278,2.6897976,2.6897976,2.6897976,2.6897976,2.442285,2.442285,2.442285,2.442285,2.4395804,2.4395804,2.4395804,2.4395804,2.4616315,2.4616315,2.4616315,2.4616315,2.2609458,2.2609458,2.2609458,2.2609458,2.2117224,2.2117224,2.2117224,2.2117224,1.8893406,1.8893406,1.8893406,1.8893406,1.8604935,1.8604935,1.8604935,1.8604935
1.3565546,1.3565546,1.3565546,1.3565546,1.5691375,1.5691375,1.5691375,1.5691375,1.5836515,1.5836515,1.5836515,1.5836515,1.8696874,1.8696874,1.8696874,1.8696874,2.3022478,2.3022478,2.3022478,2.3022478,2.164268,2.164268,2.164268,2.164268,2.326647,2.326647,2.326647,2.326647,1.9718535,1.9718535,1.9718535,1.9718535,1.932485,1.932485,1.932485,1.932485,2.4123175,2.4123175,2.4123175,2.4123175,1.9704313,1.9704313,1.9704313,1.9704313,2.2932436,2.2932436,2.2932436,2.2932436,1.7978054,1.7978054,1.7978054,1.7978054,2.42556,2.42556,2.42556,2.42556,3.0,3.0,3.0,3.0,3.0,3.0,3.0,3.0,2.0743887,2.0743887,2.0743887,2.0743887,2.5307453,2.5307453,2.5307453,2.5307453,3.0,3.0,3.0,3.0,2.8063588,2.8063588,2.8063588,2.8063588,2.5054798,2.5054798,2.5054798,2.5054798,2.3019767,2.3019767,2.3019767,2.3019767,1.509597,1.509597,1.509597,1.509597,2.3705022,2.3705022,2.3705022,2.3705022,2.5148146,2.5148146,2.5148146,2.5148146,1.9989777,1.9989777,1.9989777,1.9989777,1.9250243,1.9250243,1.9250243,1.9250243,1.7290522,1.7290522,1.7290522,1.7290522,2.063205,2.063205,2.063205,2.063205,1.9937304,1.9937304,1.9937304,1.9937304
1.3565546,1.3565546,1.3565546,1.3565546,1.5691375,1.5691375,1.5691375,1.5691375,1.5836515,1.5836515,1.5836515,1.5836515,1.8696874,1.8696874,1.8696874,1.8696874,2.3022478,2.3022478,2.3022478,2.3022478,2.164268,2.164268,2.164268,2.164268,2.326647,2.326647,2.326647,2.326647,1.9718535,1.9718535,1.9718535,1.9718535,1.932485,1.932485,1.932485,1.932485,2.4123175,2.4123175,2.4123175,2.4123175,1.9704313,1.9704313,1.9704313,1.9704313,2.2932436,2.2932436,2.2932436,2.2932436,1.7978054,1.7978054,1.7978054,1.7978054,2.42556,2.42556,2.42556,2.42556,3.0,3.0,3.0,3.0,3.0,3.0,3.0,3.0,2.0743887,2.0743887,2.0743887,2.0743887,2.5307453,2.5307453,2.5307453,2.5307453,3.0,3.0,3.0,3.0,2.8063588,2.8063588,2.8063588,2.8063588,2.5054798,2.5054798,2.5054798,2.5054798,2.3019767,2.3019767,2.3019767,2.3019767,1.509597,1.509597,1.509597,1.509597,2.3705022,2.3705022,2.3705022,2.3705022,2.5148146,2.5148146,2.5148146,2.5148146,1.9989777,1.9989777,1.9989777,1.9989777,1.9250243,1.9250243,1.9250243,1.9250243,1.7290522,1.7290522,1.7290522,1.7290522,2.063205,2.063205,2.063205,2.063205,1.9937304,1.9937304,1.9937304,1.9937304
1.3565546,1.3565546,1.3565546,1.3565546,1.5691375,1.5691375,1.5691375,1.5691375,1.5836515,1.5836515,1.5836515,1.5836515,1.8696874,1.8696874,1.8696874,1.8696874,2.3022478,2.3022478,2.3022478,2.3022478,2.164268,2.164268,2.164268,2.164268,2.326647,2.326647,2.326647,2.326647,1.9718535,1.9718535,1.9718535,1.9718535,1.932485,1.932485,1.932485,1.932485,2.4123175,2.4123175,2.4123175,2.4123175,1.9704313,1.9704313,1.9704313,1.9704313,2.2932436,2.2932436,2.2932436,2.2932436,1.7978054,1.7978054,1.7978054,1.7978054,2.42556,2.42556,2.42556,2.42556,3.0,3.0,3.0,3.0,3.0,3.0,3.0,3.0,2.0743887,2.0743887,2.0743887,2.0743887,2.5307453,2.5307453,2.5307453,2.5307453,3.0,3.0,3.0,3.0,2.8063588,2.8063588,2.8063588,2.8063588,2.5054798,2.5054798,2.5054798,2.5054798,2.3019767,2.3019767,2.3019767,2.3019767,1.509597,1.509597,1.509597,1.509597,2.3705022,2.3705022,2.3705022,2.3705022,2.5148146,2.5148146,2.5148146,2.5148146,1.9989777,1.9989777,1.9989777,1.9989777,1.9250243,1.9250243,1.9250243,1.9250243,1.7290522,1.7290522,1.7290522,1.7290522,2.063205,2.063205,2.063205,2.063205,1.9937304,1.9937304,1.9937304,1.9937304
1.3565546,1.3565546,1.3565546,1.3565546,1.5691375,1.5691375,1.5691375,1.5691375,1.5836515,1.5836515,1.5836515,1.5836515,1.8696874,1.8696874,1.8696874,1.8696874,2.3022478,2.3022478,2.3022478,2.3022478,2.164268,2.164268,2.164268,2.164268,2.326647,2.326647,2.326647,2.326647,1.9718535,1.9718535,1.9718535,1.9718535,1.932485,1.932485,1.932485,1.932485,2.4123175,2.4123175,2.4123175,2.4123175,1.9704313,1.9704313,1.9704313,1.9704313,2.2932436,2.2932436,2.2932436,2.2932436,1.7978054,1.7978054,1.7978054,1.7978054,2.42556,2.42556,2.42556,2.42556,3.0,3.0,3.0,3.0,3.0,3.0,3.0,3.0,2.0743887,2.0743887,2.0743887,2.0743887,2.5307453,2.5307453,2.5307453,2.5307453,3.0,3.0,3.0,3.0,2.8063588,2.8063588,2.8063588,2.8063588,2.5054798,2.5054798,2.5054798,2.5054798,2.3019767,2.3019767,2.3019767,2.3019767,1.509597,1.509597,1.509597,1.509597,2.3705022,2.3705022,2.3705022,2.3705022,2.5148146,2.5148146,2.5148146,2.5148146,1.9989777,1.9989777,1.9989777,1.9989777,1.9250243,1.9250243,1.9250243,1.9250243,1.7290522,1.7290522,1.7290522,1.7290522,2.063205,2.063205,2.063205,2.063205,1.9937304,1.9937304,1.9937304,1.9937304
1.7782165,1.7782165,1.7782165,1.7782165,1.7471519,1.7471519,1.7471519,1.7471519,1.7457023,1.7457023,1.7457023,1.7457023,1.8014609,1.8014609,1.8014609,1.8014609,2.1211991,2.1211991,2.1211991,2.1211991,1.8969091,1.8969091,1.8969091,1.8969091,1.7213604,1.7213604,1.7213604,1.7213604,1.945847,1.945847,1.945847,1.945847,1.6317779,1.6317779,1.6317779,1.6317779,1.5485703,1.5485703,1.5485703,1.5485703,1.7016226,1.7016226,1.7016226,1.7016226,2.5341191,2.5341191,2.5341191,2.5341191,1.9490031,1.9490031,1.9490031,1.9490031,2.5982041,2.5982041,2.5982041,2.5982041,2.7353532,2.7353532,2.7353532,2.7353532,2.5489686,2.5489686,2.5489686,2.5489686,2.410234,2.410234,2.410234,2.410234,1.6526115,1.6526115,1.6526115,1.6526115,2.5823488,2.5823488,2.5823488,2.5823488,2.7114472,2.7114472,2.7114472,2.7114472,1.8290076,1.8290076,1.8290076,1.8290076,2.0526197,2.0526197,2.0526197,2.0526197,2.3829346,2.3829346,2.3829346,2.3829346,1.7295278,1.7295278,1.7295278,1.7295278,1.9726708,1.9726708,1.9726708,1.9726708,2.0454385,2.0454385,2.0454385,2.0454385,1.7128493,1.7128493,1.7128493,1.7128493,1.9559051,1.9559051,1.9559051,1.9559051,1.6012508,1.6012508,1.6012508,1.6012508,1.291779,1.291779,1.291779,1.291779
1.7782165,1.7782165,1.7782165,1.7782165,1.7471519,1.7471519,1.7471519,1.7471519,1.7457023,1.7457023,1.7457023,1.7457023,1.8014609,1.8014609,1.8014609,1.8014609,2.1211991,2.1211991,2.1211991,2.1211991,1.8969091,1.8969091,1.8969091,1.8969091,1.7213604,1.7213604,1.7213604,1.7213604,1.945847,1.945847,1.945847,1.945847,1.6317779,1.6317779,1.6317779,1.6317779,1.5485703,1.5485703,1.5485703,1.5485703,1.7016226,1.7016226,1.7016226,1.7016226,2.5341191,2.5341191,2.5341191,2.5341191,1.9490031,1.9490031,1.9490031,1.9490031,2.5982041,2.5982041,2.5982041,2.5982041,2.7353532,2.7353532,2.7353532,2.7353532,2.5489686,2.5489686,2.5489686,2.5489686,2.410234,2.410234,2.410234,2.410234,1.6526115,1.6526115,1.6526115,1.6526115,2.5823488,2.5823488,2.5823488,2.5823488,2.7114472,2.7114472,2.7114472,2.7114472,1.8290076,1.8290076,1.8290076,1.8290076,2.0526197,2.0526197,2.0526197,2.0526197,2.3829346,2.3829346,2.3829346,2.3829346,1.7295278,1.7295278,1.7295278,1.7295278,1.9726708,1.9726708,1.9726708,1.9726708,2.0454385,2.0454385,2.0454385,2.0454385,1.7128493,1.7128493,1.7128493,1.7128493,1.9559051,1.9559051,1.9559051,1.9559051,1.6012508,1.6012508,1.6012508,1.6012508,1.291779,1.291779,1.291779,1.291779
1.7782165,1.7782165,1.7782165,1.7782165,1.7471519,1.7471519,1.7471519,1.7471519,1.7457023,1.7457023,1.7457023,1.7457023,1.8014609,1.8014609,1.8014609,1.8014609,2.1211991,2.1211991,2.1211991,2.1211991,1.8969091,1.8969091,1.8969091,1.8969091,1.7213604,1.7213604,1.7213604,1.7213604,1.945847,1.945847,1.945847,1.945847,1.6317779,1.6317779,1.6317779,1.6317779,1.5485703,1.5485703,1.5485703,1.5485703,1.7016226,1.7016226,1.7016226,1.7016226,2.5341191,2.5341191,2.5341191,2.5341191,1.9490031,1.9490031,1.9490031,1.9490031,2.5982041,2.5982041,2.5982041,2.5982041,2.7353532,2.7353532,2.7353532,2.7353532,2.5489686,2.5489686,2.5489686,2.5489686,2.410234,2.410234,2.410234,2.410234,1.6526115,1.6526115,1.6526115,1.6526115,2.5823488,2.5823488,2.5823488,2.5823488,2.7114472,2.7114472,2.7114472,2.7114472,1.8290076,1.8290076,1.8290076,1.8290076,2.0526197,2.0526197,2.0526197,2.0526197,2.3829346,2.3829346,2.3829346,2.3829346,1.7295278,1.7295278,1.7295278,1.7295278,1.9726708,1.9726708,1.9726708,1.9726708,2.0454385,2.0454385,2.0454385,2.0454385,1.7128493,1.7128493,1.7128493,1.7128493,1.9559051,1.9559051,1.9559051,1.9559051,1.6012508,1.6012508,1.6012508,1.6012508,1.291779,1.291779,1.291779,1.291779
1.7782165,1.7782165,1.7782165,1.7782165,1.7471519,1.7471519,1.7471519,1.7471519,1.7457023,1.7457023,1.7457023,1.7457023,1.8014609,1.8014609,1.8014609,1.8014609,2.1211991,2.1211991,2.1211991,2.1211991,1.8969091,1.8969091,1.8969091,1.8969091,1.7213604,1.7213604,1.7213604,1.7213604,1.945847,1.945847,1.945847,1.945847,1.6317779,1.6317779,1.6317779,1.6317779,1.5485703,1.5485703,1.5485703,1.5485703,1.7016226,1.7016226,1.7016226,1.7016226,2.5341191,2.5341191,2.5341191,2.5341191,1.9490031,1.9490031,1.9490031,1.9490031,2.5982041,2.5982041,2.5982041,2.5982041,2.7353532,2.7353532,2.7353532,2.7353532,2.5489686,2.5489686,2.5489686,2.5489686,2.410234,2.410234,2.410234,2.410234,1.6526115,1.6526115,1.6526115,1.6526115,2.5823488,2.5823488,2.5823488,2.5823488,2.7114472,2.7114472,2.7114472,2.7114472,1.8290076,1.8290076,1.8290076,1.8290076,2.0526197,2.0526197,2.0526197,2.0526197,2.3829346,2.3829346,2.3829346,2.3829346,1.7295278,1.7295278,1.7295278,1.7295278,1.9726708,1.9726708,1.9726708,1.9726708,2.0454385,2.0454385,2.0454385,2.0454385,1.7128493,1.7128493,1.7128493,1.7128493,1.9559051,1.9559051,1.9559051,1.9559051,1.6012508,1.6012508,1.6012508,1.6012508,1.291779,1.291779,1.291779,1.291779
1.6479234,1.6479234,1.6479234,1.6479234,1.8658631,1.8658631,1.8658631,1.8658631,1.7487923,1.7487923,1.7487923,1.7487923,1.9061321,1.9061321,1.9061321,1.9061321,1.8398033,1.8398033,1.8398033,1.8398033,1.5277376,1.5277376,1.5277376,1.5277376,1.9191585,1.9191585,1.9191585,1.9191585,2.1150947,2.1150947,2.1150947,2.1150947,2.000448,2.000448,2.000448,2.000448,1.3163385,1.3163385,1.3163385,1.3163385,1.5451926,1.5451926,1.5451926,1.5451926,2.743599,2.743599,2.743599,2.743599,1.6898068,1.6898068,1.6898068,1.6898068,2.0514202,2.0514202,2.0514202,2.0514202,1.8318118,1.8318118,1.8318118,1.8318118,2.3289294,2.3289294,2.3289294,2.3289294,2.0393927,2.0393927,2.0393927,2.0393927,2.89041,2.89041,2.89041,2.89041,3.0,3.0,3.0,3.0,3.0,3.0,3.0,3.0,2.6592667,2.6592667,2.6592667,2.6592667,1.099743,1.099743,1.099743,1.099743,1.6041003,1.6041003,1.6041003,1.6041003,2.2435062,2.2435062,2.2435062,2.2435062,1.7453798,1.7453798,1.7453798,1.7453798,1.4512944,1.4512944,1.4512944,1.4512944,1.6586803,1.6586803,1.6586803,1.6586803,1.671216,1.671216,1.671216,1.671216,1.7864687,1.7864687,1.7864687,1.7864687,1.8833017,1.8833017,1.8833017,1.8833017
1.6479234,1.6479234,1.6479234,1.6479234,1.8658631,1.8658631,1.8658631,1.8658631,1.7487923,1.7487923,1.7487923,1.7487923,1.9061321,1.9061321,1.9061321,1.9061321,1.8398033,1.8398033,1.8398033,1.8398033,1.5277376,1.5277376,1.5277376,1.5277376,1.9191585,1.9191585,1.9191585,1.9191585,2.1150947,2.1150947,2.1150947,2.1150947,2.000448,2.000448,2.000448,2.000448,1.3163385,1.3163385,1.3163385,1.3163385,1.5451926,1.5451926,1.5451926,1.5451926,2.743599,2.743599,2.743599,2.743599,1.6898068,1.6898068,1.6898068,1.6898068,2.0514202,2.0514202,2.0514202,2.0514202,1.8318118,1.8318118,1.8318118,1.8318118,2.3289294,2.3289294,2.3289294,2.3289294,2.0393927,2.0393927,2.0393927,2.0393927,2.89041,2.89041,2.89041,2.89041,3.0,3.0,3.0,3.0,3.0,3.0,3.0,3.0,2.6592667,2.6592667,2.6592667,2.6592667,1.099743,1.099743,1.099743,1.099743,1.6041003,1.6041003,1.6041003,1.6041003,2.2435062,2.2435062,2.2435062,2.2435062,1.7453798,1.7453798,1.7453798,1.7453798,1.4512944,1.4512944,1.4512944,1.4512944,1.6586803,1.6586803,1.6586803,1.6586803,1.671216,1.671216,1.671216,1.671216,1.7864687,1.7864687,1.7864687,1.7864687,1.8833017,1.8833017,1.8833017,1.8833017
1.6479234,1.6479234,1.6479234,1.6479234,1.8658631,1.8658631,1.8658631,1.8658631,1.7487923,1.7487923,1.7487923,1.7487923,1.9061321,1.9061321,1.9061321,1.9061321,1.8398033,1.8398033,1.8398033,1.8398033,1.5277376,1.5277376,1.5277376,1.5277376,1.9191585,1.9191585,1.9191585,1.9191585,2.1150947,2.1150947,2.1150947,2.1150947,2.000448,2.000448,2.000448,2.000448,1.3163385,1.3163385,1.3163385,1.3163385,1.5451926,1.5451926,1.5451926,1.5451926,2.743599,2.743599,2.743599,2.743599,1.6898068,1.6898068,1.6898068,1.6898068,2.0514202,2.0514202,2.0514202,2.0514202,1.8318118,1.8318118,1.8318118,1.8318118,2.3289294,2.3289294,2.3289294,2.3289294,2.0393927,2.0393927,2.0393927,2.0393927,2.89041,2.89041,2.89041,2.89041,3.0,3.0,3.0,3.0,3.0,3.0,3.0,3.0,2.6592667,2.6592667,2.6592667,2.6592667,1.099743,1.099743,1.099743,1.099743,1.6041003,1.6041003,1.6041003,1.6041003,2.2435062,2.2435062,2.2435062,2.2435062,1.7453798,1.7453798,1.7453798,1.7453798,1.4512944,1.4512944,1.4512944,1.4512944,1.6586803,1.6586803,1.6586803,1.6586803,1.671216,1.671216,1.671216,1.671216,1.7864687,1.7864687,1.7864687,1.7864687,1.8833017,1.8833017,1.8833017,1.8833017
1.6479234,1.6479234,1.6479234,1.6479234,1.8658631,1.8658631,1.8658631,1.8658631,1.7487923,1.7487923,1.7487923,1.7487923,1.9061321,1.9061321,1.9061321,1.9061321,1.8398033,1.8398033,1.8398033,1.8398033,1.5277376,1.5277376,1.5277376,1.5277376,1.9191585,1.9191585,1.9191585,1.9191585,2.1150947,2.1150947,2.1150947,2.1150947,2.000448,2.000448,2.000448,2.000448,1.3163385,1.3163385,1.3163385,1.3163385,1.5451926,1.5451926,1.5451926,1.5451926,2.743599,2.743599,2.743599,2.743599,1.6898068,1.6898068,1.6898068,1.6898068,2.0514202,2.0514202,2.0514202,2.0514202,1.8318118,1.8318118,1.8318118,1.8318118,2.3289294,2.3289294,2.3289294,2.3289294,2.0393927,2.0393927,2.0393927,2.0393927,2.89041,2.89041,2.89041,2.89041,3.0,3.0,3.0,3.0,3.0,3.0,3.0,3.0,2.6592667,2.6592667,2.6592667,2.6592667,1.099743,1.099743,1.099743,1.099743,1.6041003,1.6041003,1.6041003,1.6041003,2.2435062,2.2435062,2.2435062,2.2435062,1.7453798,1.7453798,1.7453798,1.7453798,1.4512944,1.4512944,1.4512944,1.4512944,1.6586803,1.6586803,1.6586803,1.6586803,1.671216,1.671216,1.671216,1.671216,1.7864687,1.7864687,1.7864687,1.7864687,1.8833017,1.8833017,1.8833017,1.8833017
1.9597847,1.9597847,1.9597847,1.9597847,1.7461967,1.7461967,1.7461967,1.7461967,1.409946,1.409946,1.409946,1.409946,1.3100361,1.3100361,1.3100361,1.3100361,1.333437,1.333437,1.333437,1.333437,0.9410805,0.9410805,0.9410805,0.9410805,0.8565318,0.8565318,0.8565318,0.8565318,1.7581325,1.7581325,1.7581325,1.7581325,2.1798043,2.1798043,2.1798043,2.1798043,1.6682972,1.6682972,1.6682972,1.6682972,1.5040374,1.5040374,1.5040374,1.5040374,1.1321107,1.1321107,1.1321107,1.1321107,1.9988413,1.9988413,1.9988413,1.9988413,1.8770276,1.8770276,1.8770276,1.8770276,2.3083608,2.3083608,2.3083608,2.3083608,3.0,3.0,3.0,3.0,2.8064148,2.8064148,2.8064148,2.8064148,3.0,3.0,3.0,3.0,3.0,3.0,3.0,3.0,2.9072304,2.9072304,2.9072304,2.9072304,2.94485,2.94485,2.94485,2.94485,2.3682292,2.3682292,2.3682292,2.3682292,1.8565555,1.8565555,1.8565555,1.8565555,1.65565,1.65565,1.65565,1.65565,1.6412051,1.6412051,1.6412051,1.6412051,1.5148376,1.5148376,1.5148376,1.5148376,1.5305376,1.5305376,1.5305376,1.5305376,1.5079572,1.5079572,1.5079572,1.5079572,2.0552025,2.0552025,2.0552025,2.0552025,1.8530891,1.8530891,1.8530891,1.8530891
1.9597847,1.9597847,1.9597847,1.9597847,1.7461967,1.7461967,1.7461967,1.7461967,1.409946,1.409946,1.409946,1.409946,1.3100361,1.3100361,1.3100361,1.3100361,1.333437,1.333437,1.333437,1.333437,0.9410805,0.9410805,0.9410805,0.9410805,0.8565318,0.8565318,0.8565318,0.8565318,1.7581325,1.7581325,1.7581325,1.7581325,2.1798043,2.1798043,2.1798043,2.1798043,1.6682972,1.6682972,1.6682972,1.6682972,1.5040374,1.5040374,1.5040374,1.5040374,1.1321107,1.1321107,1.1321107,1.1321107,1.9988413,1.9988413,1.9988413,1.9988413,1.8770276,1.8770276,1.8770276,1.8770276,2.3083608,2.3083608,2.3083608,2.3083608,3.0,3.0,3.0,3.0,2.8064148,2.8064148,2.8064148,2.8064148,3.0,3.0,3.0,3.0,3.0,3.0,3.0,3.0,2.9072304,2.9072304,2.9072304,2.9072304,2.94485,2.94485,2.94485,2.94485,2.3682292,2.3682292,2.3682292,2.3682292,1.8565555,1.8565555,1.8565555,1.8565555,1.65565,1.65565,1.65565,1.65565,1.6412051,1.6412051,1.6412051,1.6412051,1.5148376,1.5148376,1.5148376,1.5148376,1.5305376,1.5305376,1.5305376,1.5305376,1.5079572,1.5079572,1.5079572,1.5079572,2.0552025,2.0552025,2.0552025,2.0552025,1.8530891,1.8530891,1.8530891,1.8530891
1.9597847,1.9597847,1.9597847,1.9597847,1.7461967,1.7461967,1.7461967,1.7461967,1.409946,1.409946,1.409946,1.409946,1.3100361,1.3100361,1.3100361,1.3100361,1.333437,1.333437,1.333437,1.333437,0.9410805,0.9410805,0.9410805,0.9410805,0.8565318,0.8565318,0.8565318,0.8565318,1.7581325,1.7581325,1.7581325,1.7581325,2.1798043,2.1798043,2.1798043,2.1798043,1.6682972,1.6682972,1.6682972,1.6682972,1.5040374,1.5040374,1.5040374,1.5040374,1.1321107,1.1321107,1.1321107,1.1321107,1.9988413,1.9988413,1.9988413,1.9988413,1.8770276,1.8770276,1.8770276,1.8770276,2.3083608,2.3083608,2.3083608,2.3083608,3.0,3.0,3.0,3.0,2.8064148,2.8064148,2.8064148,2.8064148,3.0,3.0,3.0,3.0,3.0,3.0,3.0,3.0,2.9072304,2.9072304,2.9072304,2.9072304,2.94485,2.94485,2.94485,2.94485,2.3682292,2.3682292,2.3682292,2.3682292,1.8565555,1.8565555,1.8565555,1.8565555,1.65565,1.65565,1.65565,1.65565,1.6412051,1.6412051,1.6412051,1.6412051,1.5148376,1.5148376,1.5148376,1.5148376,1.5305376,1.5305376,1.5305376,1.5305376,1.5079572,1.5079572,1.5079572,1.5079572,2.0552025,2.0552025,2.0552025,2.0552025,1.8530891,1.8530891,1.8530891,1.8530891
1.9597847,1.9597847,1.9597847,1.9597847,1.7461967,1.7461967,1.7461967,1.7461967,1.409946,1.409946,1.409946,1.409946,1.3100361,1.3100361,1.3100361,1.3100361,1.333437,1.333437,1.333437,1.333437,0.9410805,0.9410805,0.9410805,0.9410805,0.8565318,0.8565318,0.8565318,0.8565318,1.7581325,1.7581325,1.7581325,1.7581325,2.1798043,2.1798043,2.1798043,2.1798043,1.6682972,1.6682972,1.6682972,1.6682972,1.5040374,1.5040374,1.5040374,1.5040374,1.1321107,1.1321107,1.1321107,1.1321107,1.9988413,1.9988413,1.9988413,1.9988413,1.8770276,1.8770276,1.8770276,1.8770276,2.3083608,2.3083608,2.3083608,2.3083608,3.0,3.0,3.0,3.0,2.8064148,2.8064148,2.8064148,2.8064148,3.0,3.0,3.0,3.0,3.0,3.0,3.0,3.0,2.9072304,2.9072304,2.9072304,2.9072304,2.94485,2.94485,2.94485,2.94485,2.3682292,2.3682292,2.3682292,2.3682292,1.8565555,1.8565555,1.8565555,1.8565555,1.65565,1.65565,1.65565,1.65565,1.6412051,1.6412051,1.6412051,1.6412051,1.5148376,1.5148376,1.5148376,1.5148376,1.5305376,1.5305376,1.5305376,1.5305376,1.5079572,1.5079572,1.5079572,1.5079572,2.0552025,2.0552025,2.0552025,2.0552025,1.8530891,1.8530891,1.8530891,1.8530891
1.1500614,1.1500614,1.1500614,1.1500614,1.1218556,1.1218556,1.1218556,1.1218556,1.1106291,1.1106291,1.1106291,1.1106291,0.9824232,0.9824232,0.9824232,0.9824232,1.547958,1.547958,1.547958,1.547958,1.8404953,1.8404953,1.8404953,1.8404953,1.769437,1.769437,1.769437,1.769437,1.7419063,1.7419063,1.7419063,1.7419063,2.251834,2.251834,2.251834,2.251834,2.05764,2.05764,2.05764,2.05764,1.9060757,1.9060757,1.9060757,1.9060757,2.4868653,2.4868653,2.4868653,2.4868653,1.7782048,1.7782048,1.7782048,1.7782048,1.1267542,1.1267542,1.1267542,1.1267542,2.2762873,2.2762873,2.2762873,2.2762873,2.5952003,2.5952003,2.5952003,2.5952003,2.4975512,2.4975512,2.4975512,2.4975512,2.71957,2.71957,2.71957,2.71957,3.0,3.0,3.0,3.0,2.7300594,2.7300594,2.7300594,2.7300594,2.5884397,2.5884397,2.5884397,2.5884397,1.9239064,1.9239064,1.9239064,1.9239064,1.1251543,1.1251543,1.1251543,1.1251543,1.8218178,1.8218178,1.8218178,1.8218178,1.6371907,1.6371907,1.6371907,1.6371907,1.9569207,1.9569207,1.9569207,1.9569207,1.9306355,1.9306355,1.9306355,1.9306355,1.9024763,1.9024763,1.9024763,1.9024763,1.7499741,1.7499741,1.7499741,1.7499741,2.0334246,2.0334246,2.0334246,2.0334246
1.1500614,1.1500614,1.1500614,1.1500614,1.1218556,1.1218556,1.1218556,1.1218556,1.1106291,1.1106291,1.1106291,1.1106291,0.9824232,0.9824232,0.9824232,0.9824232,1.547958,1.547958,1.547958,1.547958,1.8404953,1.8404953,1.8404953,1.8404953,1.769437,1.769437,1.769437,1.769437,1.7419063,1.7419063,1.7419063,1.7419063,2.251834,2.251834,2.251834,2.251834,2.05764,2.05764,2.05764,2.05764,1.9060757,1.9060757,1.9060757,1.9060757,2.4868653,2.4868653,2.4868653,2.4868653,1.7782048,1.7782048,1.7782048,1.7782048,1.1267542,1.1267542,1.1267542,1.1267542,2.2762873,2.2762873,2.2762873,2.2762873,2.5952003,2.5952003,2.5952003,2.5952003,2.4975512,2.4975512,2.4975512,2.4975512,2.71957,2.71957,2.71957,2.71957,3.0,3.0,3.0,3.0,2.7300594,2.7300594,2.7300594,2.7300594,2.5884397,2.5884397,2.5884397,2.5884397,1.9239064,1.9239064,1.9239064,1.9239064,1.1251543,1.1251543,1.1251543,1.1251543,1.8218178,1.8218178,1.8218178,1.8218178,1.6371907,1.6371907,1.6371907,1.6371907,1.9569207,1.9569207,1.9569207,1.9569207,1.9306355,1.9306355,1.9306355,1.9306355,1.9024763,1.9024763,1.9024763,1.9024763,1.7499741,1.7499741,1.7499741,1.7499741,2.0334246,2.0334246,2.0334246,2.0334246
1.1500614,1.1500614,1.1500614,1.1500614,1.1218556,1.1218556,1.1218556,1.1218556,1.1106291,1.1106291,1.1106291,1.1106291,0.9824232,0.9824232,0.9824232,0.9824232,1.547958,1.547958,1.547958,1.547958,1.8404953,1.8404953,1.8404953,1.8404953,1.769437,1.769437,1.769437,1.769437,1.7419063,1.7419063,1.7419063,1.7419063,2.251834,2.251834,2.251834,2.251834,2.05764,2.05764,2.05764,2.05764,1.9060757,1.9060757,1.9060757,1.9060757,2.4868653,2.4868653,2.4868653,2.4868653,1.7782048,1.7782048,1.7782048,1.7782048,1.1267542,1.1267542,1.1267542,1.1267542,2.2762873,2.2762873,2.2762873,2.2762873,2.5952003,2.5952003,2.5952003,2.5952003,2.4975512,2.4975512,2.4975512,2.4975512,2.71957,2.71957,2.71957,2.71957,3.0,3.0,3.0,3.0,2.7300594,2.7300594,2.7300594,2.7300594,2.5884397,2.5884397,2.5884397,2.5884397,1.9239064,1.9239064,1.9239064,1.9239064,1.1251543,1.1251543,1.1251543,1.1251543,1.8218178,1.8218178,1.8218178,1.8218178,1.6371907,1.6371907,1.6371907,1.6371907,1.9569207,1.9569207,1.9569207,1.9569207,1.9306355,1.9306355,1.9306355,1.9306355,1.9024763,1.9024763,1.9024763,1.9024763,1.7499741,1.7499741,1.7499741,1.7499741,2.0334246,2.0334246,2.0334246,2.0334246
1.1500614,1.1500614,1.1500614,1.1500614,1.1218556,1.1218556,1.1218556,1.1218556,1.1106291,1.1106291,1.1106291,1.1106291,0.9824232,0.9824232,0.9824232,0.9824232,1.547958,1.547958,1.547958,1.547958,1.8404953,1.8404953,1.8404953,1.8404953,1.769437,1.769437,1.769437,1.769437,1.7419063,1.7419063,1.7419063,1.7419063,2.251834,2.251834,2.251834,2.251834,2.05764,2.05764,2.05764,2.05764,1.9060757,1.9060757,1.9060757,1.9060757,2.4868653,2.4868653,2.4868653,2.4868653,1.7782048,1.7782048,1.7782048,1.7782048,1.1267542,1.1267542,1.1267542,1.1267542,2.2762873,2.2762873,2.2762873,2.2762873,2.5952003,2.5952003,2.5952003,2.5952003,2.4975512,2.4975512,2.4975512,2.4975512,2.71957,2.71957,2.71957,2.71957,3.0,3.0,3.0,3.0,2.7300594,2.7300594,2.7300594,2.7300594,2.5884397,2.5884397,2.5884397,2.5884397,1.9239064,1.9239064,1.9239064,1.9239064,1.1251543,1.1251543,1.1251543,1.1251543,1.8218178,1.8218178,1.8218178,1.8218178,1.6371907,1.6371907,1.6371907,1.6371907,1.9569207,1.9569207,1.9569207,1.9569207,1.9306355,1.9306355,1.9306355,1.9306355,1.9024763,1.9024763,1.9024763,1.9024763,1.7499741,1.7499741,1.7499741,1.7499741,2.0334246,2.0334246,2.0334246,2.0334246
0.6,0.6,0.6,0.6,0.60334855,0.60334855,0.60334855,0.60334855,0.60438746,0.60438746,0.60438746,0.60438746,0.83964604,0.83964604,0.83964604,0.83964604,1.2433816,1.2433816,1.2433816,1.2433816,1.177433,1.177433,1.177433,1.177433,1.1354518,1.1354518,1.1354518,1.1354518,1.2357638,1.2357638,1.2357638,1.2357638,2.9865754,2.9865754,2.9865754,2.9865754,3.0,3.0,3.0,3.0,2.7319293,2.7319293,2.7319293,2.7319293,1.5541575,1.5541575,1.5541575,1.5541575,1.8235801,1.8235801,1.8235801,1.8235801,2.0881288,2.0881288,2.0881288,2.0881288,1.8667808,1.8667808,1.8667808,1.8667808,1.440378,1.440378,1.440378,1.440378,1.3878055,1.3878055,1.3878055,1.3878055,1.7161334,1.7161334,1.7161334,1.7161334,2.3143852,2.3143852,2.3143852,2.3143852,2.4064927,2.4064927,2.4064927,2.4064927,2.1042783,2.1042783,2.1042783,2.1042783,1.9134856,1.9134856,1.9134856,1.9134856,1.719445,1.719445,1.719445,1.719445,2.0496132,2.0496132,2.0496132,2.0496132,1.8986528,1.8986528,1.8986528,1.8986528,1.7786957,1.7786957,1.7786957,1.7786957,1.7878017,1.7878017,1.7878017,1.7878017,1.6918496,1.6918496,1.6918496,1.6918496,1.501663,1.501663,1.501663,1.501663,1.6884038,1.6884038,1.6884038,1.6884038
0.6,0.6,0.6,0.6,0.60334855,0.60334855,0.60334855,0.60334855,0.60438746,0.60438746,0.60438746,0.60438746,0.83964604,0.83964604,0.83964604,0.83964604,1.2433816,1.2433816,1.2433816,1.2433816,1.177433,1.177433,1.177433,1.177433,1.1354518,1.1354518,1.1354518,1.1354518,1.2357638,1.2357638,1.2357638,1.2357638,2.9865754,2.9865754,2.9865754,2.9865754,3.0,3.0,3.0,3.0,2.7319293,2.7319293,2.7319293,2.7319293,1.5541575,1.5541575,1.5541575,1.5541575,1.8235801,1.8235801,1.8235801,1.8235801,2.0881288,2.0881288,2.0881288,2.0881288,1.8667808,1.8667808,1.8667808,1.8667808,1.440378,1.440378,1.440378,1.440378,1.3878055,1.3878055,1.3878055,1.3878055,1.7161334,1.7161334,1.7161334,1.7161334,2.3143852,2.3143852,2.3143852,2.3143852,2.4064927,2.4064927,2.4064927,2.4064927,2.1042783,2.1042783,2.1042783,2.1042783,1.9134856,1.9134856,1.9134856,1.9134856,1.719445,1.719445,1.719445,1.719445,2.0496132,2.0496132,2.0496132,2.0496132,1.8986528,1.8986528,1.8986528,1.8986528,1.7786957,1.7786957,1.7786957,1.7786957,1.7878017,1.7878017,1.7878017,1.7878017,1.6918496,1.6918496,1.6918496,1.6918496,1.501663,1.501663,1.501663,1.501663,1.6884038,1.6884038,1.6884038,1.6884038
0.6,0.6,0.6,0.6,0.60334855,0.60334855,0.60334855,0.60334855,0.60438746,0.60438746,0.60438746,0.60438746,0.83964604,0.83964604,0.83964604,0.83964604,1.2433816,1.2433816,1.2433816,1.2433816,1.177433,1.177433,1.177433,1.177433,1.1354518,1.1354518,1.1354518,1.1354518,1.2357638,1.2357638,1.2357638,1.2357638,2.9865754,2.9865754,2.9865754,2.9865754,3.0,3.0,3.0,3.0,2.7319293,2.7319293,2.7319293,2.7319293,1.5541575,1.5541575,1.5541575,1.5541575,1.8235801,1.8235801,1.8235801,1.8235801,2.0881288,2.0881288,2.0881288,2.0881288,1.8667808,1.8667808,1.8667808,1.8667808,1.440378,1.440378,1.440378,1.440378,1.3878055,1.3878055,1.3878055,1.3878055,1.7161334,1.7161334,1.7161334,1.7161334,2.3143852,2.3143852,2.3143852,2.3143852,2.4064927,2.4064927,2.4064927,2.4064927,2.1042783,2.1042783,2.1042783,2.1042783,1.9134856,1.9134856,1.9134856,1.9134856,1.719445,1.719445,1.719445,1.719445,2.0496132,2.0496132,2.0496132,2.0496132,1.8986528,1.8986528,1.8986528,1.8986528,1.7786957,1.7786957,1.7786957,1.7786957,1.7878017,1.7878017,1.7878017,1.7878017,1.6918496,1.6918496,1.6918496,1.6918496,1.501663,1.501663,1.501663,1.501663,1.6884038,1.6884038,1.6884038,1.6884038
0.6,0.6,0.6,0.6,0.60334855,0.60334855,0.60334855,0.60334855,0.60438746,0.60438746,0.60438746,0.60438746,0.83964604,0.83964604,0.83964604,0.83964604,1.2433816,1.2433816,1.2433816,1.2433816,1.177433,1.177433,1.177433,1.177433,1.1354518,1.1354518,1.1354518,1.1354518,1.2357638,1.2357638,1.2357638,1.2357638,2.9865754,2.9865754,2.9865754,2.9865754,3.0,3.0,3.0,3.0,2.7319293,2.7319293,2.7319293,2.7319293,1.5541575,1.5541575,1.5541575,1.5541575,1.8235801,1.8235801,1.8235801,1.8235801,2.0881288,2.0881288,2.0881288,2.0881288,1.8667808,1.8667808,1.8667808,1.8667808,1.440378,1.440378,1.440378,1.440378,1.3878055,1.3878055,1.3878055,1.3878055,1.7161334,1.7161334,1.7161334,1.7161334,2.3143852,2.3143852,2.3143852,2.3143852,2.4064927,2.4064927,2.4064927,2.4064927,2.1042783,2.1042783,2.1042783,2.1042783,1.9134856,1.9134856,1.9134856,1.9134856,1.719445,1.719445,1.719445,1.719445,2.0496132,2.0496132,2.0496132,2.0496132,1.8986528,1.8986528,1.8986528,1.8986528,1.7786957,1.7786957,1.7786957,1.7786957,1.7878017,1.7878017,1.7878017,1.7878017,1.6918496,1.6918496,1.6918496,1.6918496,1.501663,1.501663,1.501663,1.501663,1.6884038,1.6884038,1.6884038,1.6884038
0.6,0.6,0.6,0.6,1.0793055,1.0793055,1.0793055,1.0793055,1.0740211,1.0740211,1.0740211,1.0740211,1.0822681,1.0822681,1.0822681,1.0822681,0.7343268,0.7343268,0.7343268,0.7343268,0.6258536,0.6258536,0.6258536,0.6258536,0.71073186,0.71073186,0.71073186,0.71073186,0.6296556,0.6296556,0.6296556,0.6296556,1.679208,1.679208,1.679208,1.679208,1.5152965,1.5152965,1.5152965,1.5152965,1.4979932,1.4979932,1.4979932,1.4979932,1.6425971,1.6425971,1.6425971,1.6425971,1.5122604,1.5122604,1.5122604,1.5122604,0.9755082,0.9755082,0.9755082,0.9755082,2.0824053,2.0824053,2.0824053,2.0824053,1.8673114,1.8673114,1.8673114,1.8673114,1.8967742,1.8967742,1.8967742,1.8967742,1.9005059,1.9005059,1.9005059,1.9005059,1.4018071,1.4018071,1.4018071,1.4018071,2.1928265,2.1928265,2.1928265,2.1928265,1.3678026,1.3678026,1.3678026,1.3678026,1.5884433,1.5884433,1.5884433,1.5884433,1.7477652,1.7477652,1.7477652,1.7477652,1.7270557,1.7270557,1.7270557,1.7270557,1.8705384,1.8705384,1.8705384,1.8705384,2.4016905,2.4016905,2.4016905,2.4016905,1.624244,1.624244,1.624244,1.624244,1.2229356,1.2229356,1.2229356,1.2229356,1.3750142,1.3750142,1.3750142,1.3750142,1.6097101,1.6097101,1.6097101,1.6097101
0.6,0.6,0.6,0.6,1.0793055,1.0793055,1.0793055,1.0793055,1.0740211,1.0740211,1.0740211,1.0740211,1.0822681,1.0822681,1.0822681,1.0822681,0.7343268,0.7343268,0.7343268,0.7343268,0.6258536,0.6258536,0.6258536,0.6258536,0.71073186,0.71073186,0.71073186,0.71073186,0.6296556,0.6296556,0.6296556,0.6296556,1.679208,1.679208,1.679208,1.679208,1.5152965,1.5152965,1.5152965,1.5152965,1.4979932,1.4979932,1.4979932,1.4979932,1.6425971,1.6425971,1.6425971,1.6425971,1.5122604,1.5122604,1.5122604,1.5122604,0.9755082,0.9755082,0.9755082,0.9755082,2.0824053,2.0824053,2.0824053,2.0824053,1.8673114,1.8673114,1.8673114,1.8673114,1.8967742,1.8967742,1.8967742,1.8967742,1.9005059,1.9005059,1.9005059,1.9005059,1.4018071,1.4018071,1.4018071,1.4018071,2.1928265,2.1928265,2.1928265,2.1928265,1.3678026,1.3678026,1.3678026,1.3678026,1.5884433,1.5884433,1.5884433,1.5884433,1.7477652,1.7477652,1.7477652,1.7477652,1.7270557,1.7270557,1.7270557,1.7270557,1.8705384,1.8705384,1.8705384,1.8705384,2.4016905,2.4016905,2.4016905,2.4016905,1.624244,1.624244,1.624244,1.624244,1.2229356,1.2229356,1.2229356,1.2229356,1.3750142,1.3750142,1.3750142,1.3750142,1.6097101,1.6097101,1.6097101,1.6097101
0.6,0.6,0.6,0.6,1.0793055,1.0793055,1.0793055,1.0793055,1.0740211,1.0740211,1.0740211,1.0740211,1.0822681,1.0822681,1.0822681,1.0822681,0.7343268,0.7343268,0.7343268,0.7343268,0.6258536,0.6258536,0.6258536,0.6258536,0.71073186,0.71073186,0.71073186,0.71073186,0.6296556,0.6296556,0.6296556,0.6296556,1.679208,1.679208,1.679208,1.679208,1.5152965,1.5152965,1.5152965,1.5152965,1.4979932,1.4979932,1.4979932,1.4979932,1.6425971,1.6425971,1.6425971,1.6425971,1.5122604,1.5122604,1.5122604,1.5122604,0.9755082,0.9755082,0.9755082,0.9755082,2.0824053,2.0824053,2.0824053,2.0824053,1.8673114,1.8673114,1.8673114,1.8673114,1.8967742,1.8967742,1.8967742,1.8967742,1.9005059,1.9005059,1.9005059,1.9005059,1.4018071,1.4018071,1.4018071,1.4018071,2.1928265,2.1928265,2.1928265,2.1928265,1.3678026,1.3678026,1.3678026,1.3678026,1.5884433,1.5884433,1.5884433,1.5884433,1.7477652,1.7477652,1.7477652,1.7477652,1.7270557,1.7270557,1.7270557,1.7270557,1.8705384,1.8705384,1.8705384,1.8705384,2.4016905,2.4016905,2.4016905,2.4016905,1.624244,1.624244,1.624244,1.624244,1.2229356,1.2229356,1.2229356,1.2229356,1.3750142,1.3750142,1.3750142,1.3750142,1.6097101,1.6097101,1.6097101,1.6097101
0.6,0.6,0.6,0.6,1.0793055,1.0793055,1.0793055,1.0793055,1.0740211,1.0740211,1.0740211,1.0740211,1.0822681,1.0822681,1.0822681,1.0822681,0.7343268,0.7343268,0.7343268,0.7343268,0.6258536,0.6258536,0.6258536,0.6258536,0.71073186,0.71073186,0.71073186,0.71073186,0.6296556,0.6296556,0.6296556,0.6296556,1.679208,1.679208,1.679208,1.679208,1.5152965,1.5152965,1.5152965,1.5152965,1.4979932,1.4979932,1.4979932,1.4979932,1.6425971,1.6425971,1.6425971,1.6425971,1.5122604,1.5122604,1.5122604,1.5122604,0.9755082,0.9755082,0.9755082,0.9755082,2.0824053,2.0824053,2.0824053,2.0824053,1.8673114,1.8673114,1.8673114,1.8673114,1.8967742,1.8967742,1.8967742,1.8967742,1.9005059,1.9005059,1.9005059,1.9005059,1.4018071,1.4018071,1.4018071,1.4018071,2.1928265,2.1928265,2.1928265,2.1928265,1.3678026,1.3678026,1.3678026,1.3678026,1.5884433,1.5884433,1.5884433,1.5884433,1.7477652,1.7477652,1.7477652,1.7477652,1.7270557,1.7270557,1.7270557,1.7270557,1.8705384,1.8705384,1.8705384,1.8705384,2.4016905,2.4016905,2.4016905,2.4016905,1.624244,1.624244,1.624244,1.624244,1.2229356,1.2229356,1.2229356,1.2229356,1.3750142,1.3750142,1.3750142,1.3750142,1.6097101,1.6097101,1.6097101,1.6097101
