0.6,0.6,0.6,0.6,0.6,0.6,0.6,0.6,0.6,0.6,0.6,0.6,0.6,0.6,0.6,0.6,0.6,0.6,0.6,0.6,0.6,0.6,0.6,0.6,0.6,0.6,0.6,0.6,0.6,0.6,0.6,0.6,0.6,0.6,0.6,0.6,0.6,0.6,0.6,0.6,0.6,0.6,0.6,0.6,0.6,0.6,0.6,0.6,0.6,0.6,0.6,0.6,0.6,0.6,0.6,0.6,0.6,0.6,0.6,0.6,0.6,0.6,0.6,0.6,0.6,0.6,0.6,0.6,0.6,0.6,0.6,0.6,0.6,0.6,0.6,0.6,0.6,0.6,0.6,0.6,0.6,0.6,0.6,0.6,0.6,0.6,0.6,0.6,0.6,0.6,0.6,0.6,0.6,0.6,0.6,0.6,0.6,0.6,0.6,0.6,0.6,0.6,0.6,0.6,0.6,0.6,0.6,0.6,0.6,0.6,0.6,0.6,0.6,0.6,0.6,0.6,0.6,0.6,0.6,0.6
0.6,0.6,0.6,0.6,0.6,0.6,0.6,0.6,0.6,0.6,0.6,0.6,0.6,0.6,0.6,0.6,0.6,0.6,0.6,0.6,0.6,0.6,0.6,0.6,0.6,0.6,0.6,0.6,0.6,0.6,0.6,0.6,0.6,0.6,0.6,0.6,0.6,0.6,0.6,0.6,0.6,0.6,0.6,0.6,0.6,0.6,0.6,0.6,0.6,0.6,0.6,0.6,0.6,0.6,0.6,0.6,0.6,0.6,0.6,0.6,0.6,0.6,0.6,0.6,0.6,0.6,0.6,0.6,0.6,0.6,0.6,0.6,0.6,0.6,0.6,0.6,0.6,0.6,0.6,0.6,0.6,0.6,0.6,0.6,0.6,0.6,0.6,0.6,0.6,0.6,0.6,0.6,0.6,0.6,0.6,0.6,0.6,0.6,0.6,0.6,0.6,0.6,0.6,0.6,0.6,0.6,0.6,0.6,0.6,0.6,0.6,0.6,0.6,0.6,0.6,0.6,0.6,0.6,0.6,0.6
0.6,0.6,0.6,0.6,0.6,0.6,0.6,0.6,0.6,0.6,0.6,0.6,0.6,0.6,0.6,0.6,0.6,0.6,0.6,0.6,0.6,0.6,0.6,0.6,0.6,0.6,0.6,0.6,0.6,0.6,0.6,0.6,0.6,0.6,0.6,0.6,0.6,0.6,0.6,0.6,0.6,0.6,0.6,0.6,0.6,0.6,0.6,0.6,0.6,0.6,0.6,0.6,0.6,0.6,0.6,0.6,0.6,0.6,0.6,0.6,0.6,0.6,0.6,0.6,0.6,0.6,0.6,0.6,0.6,0.6,0.6,0.6,0.6,0.6,0.6,0.6,0.6,0.6,0.6,0.6,0.6,0.6,0.6,0.6,0.6,0.6,0.6,0.6,0.6,0.6,0.6,0.6,0.6,0.6,0.6,0.6,0.6,0.6,0.6,0.6,0.6,0.6,0.6,0.6,0.6,0.6,0.6,0.6,0.6,0.6,0.6,0.6,0.6,0.6,0.6,0.6,0.6,0.6,0.6,0.6
0.6,0.6,0.6,0.6,0.6,0.6,0.6,0.6,0.6,0.6,0.6,0.6,0.6,0.6,0.6,0.6,0.6,0.6,0.6,0.6,0.6,0.6,0.6,0.6,0.6,0.6,0.6,0.6,0.6,0.6,0.6,0.6,0.6,0.6,0.6,0.6,0.6,0.6,0.6,0.6,0.6,0.6,0.6,0.6,0.6,0.6,0.6,0.6,0.6,0.6,0.6,0.6,0.6,0.6,0.6,0.6,0.6,0.6,0.6,0.6,0.6,0.6,0.6,0.6,0.6,0.6,0.6,0.6,0.6,0.6,0.6,0.6,0.6,0.6,0.6,0.6,0.6,0.6,0.6,0.6,0.6,0.6,0.6,0.6,0.6,0.6,0.6,0.6,0.6,0.6,0.6,0.6,0.6,0.6,0.6,0.6,0.6,0.6,0.6,0.6,0.6,0.6,0.6,0.6,0.6,0.6,0.6,0.6,0.6,0.6,0.6,0.6,0.6,0.6,0.6,0.6,0.6,0.6,0.6,0.6
0.6,0.6,0.6,0.6,0.6,0.6,0.6,0.6,0.6,0.6,0.6,0.6,0.6,0.6,0.6,0.6,0.6,0.6,0.6,0.6,0.6,0.6,0.6,0.6,0.6,0.6,0.6,0.6,0.6,0.6,0.6,0.6,0.6,0.6,0.6,0.6,0.6,0.6,0.6,0.6,0.6,0.6,0.6,0.6,0.6,0.6,0.6,0.6,0.6,0.6,0.6,0.6,0.6,0.6,0.6,0.6,0.6,0.6,0.6,0.6,0.6,0.6,0.6,0.6,0.6,0.6,0.6,0.6,0.6,0.6,0.6,0.6,0.6,0.6,0.6,0.6,0.6,0.6,0.6,0.6,0.6,0.6,0.6,0.6,0.6,0.6,0.6,0.6,0.6,0.6,0.6,0.6,0.6,0.6,0.6,0.6,0.6,0.6,0.6,0.6,0.6,0.6,0.6,0.6,0.6,0.6,0.6,0.6,0.6,0.6,0.6,0.6,0.6,0.6,0.6,0.6,0.6,0.6,0.6,0.6
0.6,0.6,0.6,0.6,0.6,0.6,0.6,0.6,0.6,0.6,0.6,0.6,0.6,0.6,0.6,0.6,0.6,0.6,0.6,0.6,0.6,0.6,0.6,0.6,0.6,0.6,0.6,0.6,0.6,0.6,0.6,0.6,0.6,0.6,0.6,0.6,0.6,0.6,0.6,0.6,0.6,0.6,0.6,0.6,0.6,0.6,0.6,0.6,0.6,0.6,0.6,0.6,0.6,0.6,0.6,0.6,0.6,0.6,0.6,0.6,0.6,0.6,0.6,0.6,0.6,0.6,0.6,0.6,0.6,0.6,0.6,0.6,0.6,0.6,0.6,0.6,0.6,0.6,0.6,0.6,0.6,0.6,0.6,0.6,0.6,0.6,0.6,0.6,0.6,0.6,0.6,0.6,0.6,0.6,0.6,0.6,0.6,0.6,0.6,0.6,0.6,0.6,0.6,0.6,0.6,0.6,0.6,0.6,0.6,0.6,0.6,0.6,0.6,0.6,0.6,0.6,0.6,0.6,0.6,0.6
0.6,0.6,0.6,0.6,0.6,0.6,0.6,0.6,0.6,0.6,0.6,0.6,0.6,0.6,0.6,0.6,0.6,0.6,0.6,0.6,0.6,0.6,0.6,0.6,0.6,0.6,0.6,0.6,0.6,0.6,0.6,0.6,0.6,0.6,0.6,0.6,0.6,0.6,0.6,0.6,0.6,0.6,0.6,0.6,0.6,0.6,0.6,0.6,0.6,0.6,0.6,0.6,0.6,0.6,0.6,0.6,0.6,0.6,0.6,0.6,0.6,0.6,0.6,0.6,0.6,0.6,0.6,0.6,0.6,0.6,0.6,0.6,0.6,0.6,0.6,0.6,0.6,0.6,0.6,0.6,0.6,0.6,0.6,0.6,0.6,0.6,0.6,0.6,0.6,0.6,0.6,0.6,0.6,0.6,0.6,0.6,0.6,0.6,0.6,0.6,0.6,0.6,0.6,0.6,0.6,0.6,0.6,0.6,0.6,0.6,0.6,0.6,0.6,0.6,0.6,0.6,0.6,0.6,0.6,0.6
0.6,0.6,0.6,0.6,0.6,0.6,0.6,0.6,0.6,0.6,0.6,0.6,0.6,0.6,0.6,0.6,0.6,0.6,0.6,0.6,0.6,0.6,0.6,0.6,0.6,0.6,0.6,0.6,0.6,0.6,0.6,0.6,0.6,0.6,0.6,0.6,0.6,0.6,0.6,0.6,0.6,0.6,0.6,0.6,0.6,0.6,0.6,0.6,0.6,0.6,0.6,0.6,0.6,0.6,0.6,0.6,0.6,0.6,0.6,0.6,0.6,0.6,0.6,0.6,0.6,0.6,0.6,0.6,0.6,0.6,0.6,0.6,0.6,0.6,0.6,0.6,0.6,0.6,0.6,0.6,0.6,0.6,0.6,0.6,0.6,0.6,0.6,0.6,0.6,0.6,0.6,0.6,0.6,0.6,0.6,0.6,0.6,0.6,0.6,0.6,0.6,0.6,0.6,0.6,0.6,0.6,0.6,0.6,0.6,0.6,0.6,0.6,0.6,0.6,0.6,0.6,0.6,0.6,0.6,0.6
0.6,0.6,0.6,0.6,0.6,0.6,0.6,0.6,0.6,0.6,0.6,0.6,0.6,0.6,0.6,0.6,0.6,0.6,0.6,0.6,0.6,0.6,0.6,0.6,0.6,0.6,0.6,0.6,0.6,0.6,0.6,0.6,0.6,0.6,0.6,0.6,0.6,0.6,0.6,0.6,0.6,0.6,0.6,0.6,0.6,0.6,0.6,0.6,0.6,0.6,0.6,0.6,0.6,0.6,0.6,0.6,0.6,0.6,0.6,0.6,0.6,0.6,0.6,0.6,0.6,0.6,0.6,0.6,0.6,0.6,0.6,0.6,0.6,0.6,0.6,0.6,0.6,0.6,0.6,0.6,0.6,0.6,0.6,0.6,0.6,0.6,0.6,0.6,0.6,0.6,0.6,0.6,0.6,0.6,0.6,0.6,0.6,0.6,0.6,0.6,0.6,0.6,0.6,0.6,0.6,0.6,0.6,0.6,0.6,0.6,0.6,0.6,0.6,0.6,0.6,0.6,0.6,0.6,0.6,0.6
0.6,0.6,0.6,0.6,0.6,0.6,0.6,0.6,0.6,0.6,0.6,0.6,0.6,0.6,0.6,0.6,0.6,0.6,0.6,0.6,0.6,0.6,0.6,0.6,0.6,0.6,0.6,0.6,0.6,0.6,0.6,0.6,0.6,0.6,0.6,0.6,0.6,0.6,0.6,0.6,0.6,0.6,0.6,0.6,0.6,0.6,0.6,0.6,0.6,0.6,0.6,0.6,0.6,0.6,0.6,0.6,0.6,0.6,0.6,0.6,0.6,0.6,0.6,0.6,0.6,0.6,0.6,0.6,0.6,0.6,0.6,0.6,0.6,0.6,0.6,0.6,0.6,0.6,0.6,0.6,0.6,0.6,0.6,0.6,0.6,0.6,0.6,0.6,0.6,0.6,0.6,0.6,0.6,0.6,0.6,0.6,0.6,0.6,0.6,0.6,0.6,0.6,0.6,0.6,0.6,0.6,0.6,0.6,0.6,0.6,0.6,0.6,0.6,0.6,0.6,0.6,0.6,0.6,0.6,0.6
0.6,0.6,0.6,0.6,0.6,0.6,0.6,0.6,0.6,0.6,0.6,0.6,0.6,0.6,0.6,0.6,0.6,0.6,0.6,0.6,0.6,0.6,0.6,0.6,0.6,0.6,0.6,0.6,0.6,0.6,0.6,0.6,0.6,0.6,0.6,0.6,0.6,0.6,0.6,0.6,0.6,0.6,0.6,0.6,0.6,0.6,0.6,0.6,0.6,0.6,0.6,0.6,0.6,0.6,0.6,0.6,0.6,0.6,0.6,0.6,0.6,0.6,0.6,0.6,0.6,0.6,0.6,0.6,0.6,0.6,0.6,0.6,0.6,0.6,0.6,0.6,0.6,0.6,0.6,0.6,0.6,0.6,0.6,0.6,0.6,0.6,0.6,0.6,0.6,0.6,0.6,0.6,0.6,0.6,0.6,0.6,0.6,0.6,0.6,0.6,0.6,0.6,0.6,0.6,0.6,0.6,0.6,0.6,0.6,0.6,0.6,0.6,0.6,0.6,0.6,0.6,0.6,0.6,0.6,0.6
0.6,0.6,0.6,0.6,0.6,0.6,0.6,0.6,0.6,0.6,0.6,0.6,0.6,0.6,0.6,0.6,0.6,0.6,0.6,0.6,0.6,0.6,0.6,0.6,0.6,0.6,0.6,0.6,0.6,0.6,0.6,0.6,0.6,0.6,0.6,0.6,0.6,0.6,0.6,0.6,0.6,0.6,0.6,0.6,0.6,0.6,0.6,0.6,0.6,0.6,0.6,0.6,0.6,0.6,0.6,0.6,0.6,0.6,0.6,0.6,0.6,0.6,0.6,0.6,0.6,0.6,0.6,0.6,0.6,0.6,0.6,0.6,0.6,0.6,0.6,0.6,0.6,0.6,0.6,0.6,0.6,0.6,0.6,0.6,0.6,0.6,0.6,0.6,0.6,0.6,0.6,0.6,0.6,0.6,0.6,0.6,0.6,0.6,0.6,0.6,0.6,0.6,0.6,0.6,0.6,0.6,0.6,0.6,0.6,0.6,0.6,0.6,0.6,0.6,0.6,0.6,0.6,0.6,0.6,0.6
0.6,0.6,0.6,0.6,0.6,0.6,0.6,0.6,0.6,0.6,0.6,0.6,0.6,0.6,0.6,0.6,0.6,0.6,0.6,0.6,0.6,0.6,0.6,0.6,0.6,0.6,0.6,0.6,0.6,0.6,0.6,0.6,0.6,0.6,0.6,0.6,0.6,0.6,0.6,0.6,0.6,0.6,0.6,0.6,0.6,0.6,0.6,0.6,0.6,0.6,0.6,0.6,0.6,0.6,0.6,0.6,0.6,0.6,0.6,0.6,0.6,0.6,0.6,0.6,0.6,0.6,0.6,0.6,0.6,0.6,0.6,0.6,0.6,0.6,0.6,0.6,0.6,0.6,0.6,0.6,0.6,0.6,0.6,0.6,0.6,0.6,0.6,0.6,0.6,0.6,0.6,0.6,0.6,0.6,0.6,0.6,0.6,0.6,0.6,0.6,0.6,0.6,0.6,0.6,0.6,0.6,0.6,0.6,0.6,0.6,0.6,0.6,0.6,0.6,0.6,0.6,0.6,0.6,0.6,0.6
0.6,0.6,0.6,0.6,0.6,0.6,0.6,0.6,0.6,0.6,0.6,0.6,0.6,0.6,0.6,0.6,0.6,0.6,0.6,0.6,0.6,0.6,0.6,0.6,0.6,0.6,0.6,0.6,0.6,0.6,0.6,0.6,0.6,0.6,0.6,0.6,0.6,0.6,0.6,0.6,0.6,0.6,0.6,0.6,0.6,0.6,0.6,0.6,0.6,0.6,0.6,0.6,0.6,0.6,0.6,0.6,0.6,0.6,0.6,0.6,0.6,0.6,0.6,0.6,0.6,0.6,0.6,0.6,0.6,0.6,0.6,0.6,0.6,0.6,0.6,0.6,0.6,0.6,0.6,0.6,0.6,0.6,0.6,0.6,0.6,0.6,0.6,0.6,0.6,0.6,0.6,0.6,0.6,0.6,0.6,0.6,0.6,0.6,0.6,0.6,0.6,0.6,0.6,0.6,0.6,0.6,0.6,0.6,0.6,0.6,0.6,0.6,0.6,0.6,0.6,0.6,0.6,0.6,0.6,0.6
0.6,0.6,0.6,0.6,0.6,0.6,0.6,0.6,0.6,0.6,0.6,0.6,0.6,0.6,0.6,0.6,0.6,0.6,0.6,0.6,0.6,0.6,0.6,0.6,0.6,0.6,0.6,0.6,0.6,0.6,0.6,0.6,0.6,0.6,0.6,0.6,0.6,0.6,0.6,0.6,0.6,0.6,0.6,0.6,0.6,0.6,0.6,0.6,0.6,0.6,0.6,0.6,0.6,0.6,0.6,0.6,0.6,0.6,0.6,0.6,0.6,0.6,0.6,0.6,0.6,0.6,0.6,0.6,0.6,0.6,0.6,0.6,0.6,0.6,0.6,0.6,0.6,0.6,0.6,0.6,0.6,0.6,0.6,0.6,0.6,0.6,0.6,0.6,0.6,0.6,0.6,0.6,0.6,0.6,0.6,0.6,0.6,0.6,0.6,0.6,0.6,0.6,0.6,0.6,0.6,0.6,0.6,0.6,0.6,0.6,0.6,0.6,0.6,0.6,0.6,0.6,0.6,0.6,0.6,0.6
0.6,0.6,0.6,0.6,0.6,0.6,0.6,0.6,0.6,0.6,0.6,0.6,0.6,0.6,0.6,0.6,0.6,0.6,0.6,0.6,0.6,0.6,0.6,0.6,0.6,0.6,0.6,0.6,0.6,0.6,0.6,0.6,0.6,0.6,0.6,0.6,0.6,0.6,0.6,0.6,0.6,0.6,0.6,0.6,0.6,0.6,0.6,0.6,0.6,0.6,0.6,0.6,0.6,0.6,0.6,0.6,0.6,0.6,0.6,0.6,0.6,0.6,0.6,0.6,0.6,0.6,0.6,0.6,0.6,0.6,0.6,0.6,0.6,0.6,0.6,0.6,0.6,0.6,0.6,0.6,0.6,0.6,0.6,0.6,0.6,0.6,0.6,0.6,0.6,0.6,0.6,0.6,0.6,0.6,0.6,0.6,0.6,0.6,0.6,0.6,0.6,0.6,0.6,0.6,0.6,0.6,0.6,0.6,0.6,0.6,0.6,0.6,0.6,0.6,0.6,0.6,0.6,0.6,0.6,0.6
0.6,0.6,0.6,0.6,0.6,0.6,0.6,0.6,0.6,0.6,0.6,0.6,0.6,0.6,0.6,0.6,0.6,0.6,0.6,0.6,0.6,0.6,0.6,0.6,0.6,0.6,0.6,0.6,0.6,0.6,0.6,0.6,0.6,0.6,0.6,0.6,0.6,0.6,0.6,0.6,0.6,0.6,0.6,0.6,0.6,0.6,0.6,0.6,0.6,0.6,0.6,0.6,0.6,0.6,0.6,0.6,0.6,0.6,0.6,0.6,0.6,0.6,0.6,0.6,1.2219083,1.2219083,1.2219083,1.2219083,0.6,0.6,0.6,0.6,0.6,0.6,0.6,0.6,0.6,0.6,0.6,0.6,0.6,0.6,0.6,0.6,0.6,0.6,0.6,0.6,0.6,0.6,0.6,0.6,0.6,0.6,0.6,0.6,0.6,0.6,0.6,0.6,0.6,0.6,0.6,0.6,0.6,0.6,0.6,0.6,0.6,0.6,0.6,0.6,0.6,0.6,0.6,0.6,0.6,0.6,0.6,0.6
0.6,0.6,0.6,0.6,0.6,0.6,0.6,0.6,0.6,0.6,0.6,0.6,0.6,0.6,0.6,0.6,0.6,0.6,0.6,0.6,0.6,0.6,0.6,0.6,0.6,0.6,0.6,0.6,0.6,0.6,0.6,0.6,0.6,0.6,0.6,0.6,0.6,0.6,0.6,0.6,0.6,0.6,0.6,0.6,0.6,0.6,0.6,0.6,0.6,0.6,0.6,0.6,0.6,0.6,0.6,0.6,0.6,0.6,0.6,0.6,0.6,0.6,0.6,0.6,1.2219083,1.2219083,1.2219083,1.2219083,0.6,0.6,0.6,0.6,0.6,0.6,0.6,0.6,0.6,0.6,0.6,0.6,0.6,0.6,0.6,0.6,0.6,0.6,0.6,0.6,0.6,0.6,0.6,0.6,0.6,0.6,0.6,0.6,0.6,0.6,0.6,0.6,0.6,0.6,0.6,0.6,0.6,0.6,0.6,0.6,0.6,0.6,0.6,0.6,0.6,0.6,0.6,0.6,0.6,0.6,0.6,0.6
0.6,0.6,0.6,0.6,0.6,0.6,0.6,0.6,0.6,0.6,0.6,0.6,0.6,0.6,0.6,0.6,0.6,0.6,0.6,0.6,0.6,0.6,0.6,0.6,0.6,0.6,0.6,0.6,0.6,0.6,0.6,0.6,0.6,0.6,0.6,0.6,0.6,0.6,0.6,0.6,0.6,0.6,0.6,0.6,0.6,0.6,0.6,0.6,0.6,0.6,0.6,0.6,0.6,0.6,0.6,0.6,0.6,0.6,0.6,0.6,0.6,0.6,0.6,0.6,1.2219083,1.2219083,1.2219083,1.2219083,0.6,0.6,0.6,0.6,0.6,0.6,0.6,0.6,0.6,0.6,0.6,0.6,0.6,0.6,0.6,0.6,0.6,0.6,0.6,0.6,0.6,0.6,0.6,0.6,0.6,0.6,0.6,0.6,0.6,0.6,0.6,0.6,0.6,0.6,0.6,0.6,0.6,0.6,0.6,0.6,0.6,0.6,0.6,0.6,0.6,0.6,0.6,0.6,0.6,0.6,0.6,0.6
0.6,0.6,0.6,0.6,0.6,0.6,0.6,0.6,0.6,0.6,0.6,0.6,0.6,0.6,0.6,0.6,0.6,0.6,0.6,0.6,0.6,0.6,0.6,0.6,0.6,0.6,0.6,0.6,0.6,0.6,0.6,0.6,0.6,0.6,0.6,0.6,0.6,0.6,0.6,0.6,0.6,0.6,0.6,0.6,0.6,0.6,0.6,0.6,0.6,0.6,0.6,0.6,0.6,0.6,0.6,0.6,0.6,0.6,0.6,0.6,0.6,0.6,0.6,0.6,1.2219083,1.2219083,1.2219083,1.2219083,0.6,0.6,0.6,0.6,0.6,0.6,0.6,0.6,0.6,0.6,0.6,0.6,0.6,0.6,0.6,0.6,0.6,0.6,0.6,0.6,0.6,0.6,0.6,0.6,0.6,0.6,0.6,0.6,0.6,0.6,0.6,0.6,0.6,0.6,0.6,0.6,0.6,0.6,0.6,0.6,0.6,0.6,0.6,0.6,0.6,0.6,0.6,0.6,0.6,0.6,0.6,0.6
0.6,0.6,0.6,0.6,0.6,0.6,0.6,0.6,0.6,0.6,0.6,0.6,0.6,0.6,0.6,0.6,0.6,0.6,0.6,0.6,0.6,0.6,0.6,0.6,0.6,0.6,0.6,0.6,0.6,0.6,0.6,0.6,0.6,0.6,0.6,0.6,0.6,0.6,0.6,0.6,0.6,0.6,0.6,0.6,0.6,0.6,0.6,0.6,0.6,0.6,0.6,0.6,0.6,0.6,0.6,0.6,0.6,0.6,0.6,0.6,0.6,0.6,0.6,0.6,1.3935128,1.3935128,1.3935128,1.3935128,0.6,0.6,0.6,0.6,0.6,0.6,0.6,0.6,0.6,0.6,0.6,0.6,0.6,0.6,0.6,0.6,0.6,0.6,0.6,0.6,0.6,0.6,0.6,0.6,0.6,0.6,0.6,0.6,0.6,0.6,0.6,0.6,0.6,0.6,0.6,0.6,0.6,0.6,0.6,0.6,0.6,0.6,0.6,0.6,0.6,0.6,0.6,0.6,0.6,0.6,0.6,0.6
0.6,0.6,0.6,0.6,0.6,0.6,0.6,0.6,0.6,0.6,0.6,0.6,0.6,0.6,0.6,0.6,0.6,0.6,0.6,0.6,0.6,0.6,0.6,0.6,0.6,0.6,0.6,0.6,0.6,0.6,0.6,0.6,0.6,0.6,0.6,0.6,0.6,0.6,0.6,0.6,0.6,0.6,0.6,0.6,0.6,0.6,0.6,0.6,0.6,0.6,0.6,0.6,0.6,0.6,0.6,0.6,0.6,0.6,0.6,0.6,0.6,0.6,0.6,0.6,1.3935128,1.3935128,1.3935128,1.3935128,0.6,0.6,0.6,0.6,0.6,0.6,0.6,0.6,0.6,0.6,0.6,0.6,0.6,0.6,0.6,0.6,0.6,0.6,0.6,0.6,0.6,0.6,0.6,0.6,0.6,0.6,0.6,0.6,0.6,0.6,0.6,0.6,0.6,0.6,0.6,0.6,0.6,0.6,0.6,0.6,0.6,0.6,0.6,0.6,0.6,0.6,0.6,0.6,0.6,0.6,0.6,0.6
0.6,0.6,0.6,0.6,0.6,0.6,0.6,0.6,0.6,0.6,0.6,0.6,0.6,0.6,0.6,0.6,0.6,0.6,0.6,0.6,0.6,0.6,0.6,0.6,0.6,0.6,0.6,0.6,0.6,0.6,0.6,0.6,0.6,0.6,0.6,0.6,0.6,0.6,0.6,0.6,0.6,0.6,0.6,0.6,0.6,0.6,0.6,0.6,0.6,0.6,0.6,0.6,0.6,0.6,0.6,0.6,0.6,0.6,0.6,0.6,0.6,0.6,0.6,0.6,1.3935128,1.3935128,1.3935128,1.3935128,0.6,0.6,0.6,0.6,0.6,0.6,0.6,0.6,0.6,0.6,0.6,0.6,0.6,0.6,0.6,0.6,0.6,0.6,0.6,0.6,0.6,0.6,0.6,0.6,0.6,0.6,0.6,0.6,0.6,0.6,0.6,0.6,0.6,0.6,0.6,0.6,0.6,0.6,0.6,0.6,0.6,0.6,0.6,0.6,0.6,0.6,0.6,0.6,0.6,0.6,0.6,0.6
0.6,0.6,0.6,0.6,0.6,0.6,0.6,0.6,0.6,0.6,0.6,0.6,0.6,0.6,0.6,0.6,0.6,0.6,0.6,0.6,0.6,0.6,0.6,0.6,0.6,0.6,0.6,0.6,0.6,0.6,0.6,0.6,0.6,0.6,0.6,0.6,0.6,0.6,0.6,0.6,0.6,0.6,0.6,0.6,0.6,0.6,0.6,0.6,0.6,0.6,0.6,0.6,0.6,0.6,0.6,0.6,0.6,0.6,0.6,0.6,0.6,0.6,0.6,0.6,1.3935128,1.3935128,1.3935128,1.3935128,0.6,0.6,0.6,0.6,0.6,0.6,0.6,0.6,0.6,0.6,0.6,0.6,0.6,0.6,0.6,0.6,0.6,0.6,0.6,0.6,0.6,0.6,0.6,0.6,0.6,0.6,0.6,0.6,0.6,0.6,0.6,0.6,0.6,0.6,0.6,0.6,0.6,0.6,0.6,0.6,0.6,0.6,0.6,0.6,0.6,0.6,0.6,0.6,0.6,0.6,0.6,0.6
0.6,0.6,0.6,0.6,0.60536027,0.60536027,0.60536027,0.60536027,0.62665737,0.62665737,0.62665737,0.62665737,0.77811337,0.77811337,0.77811337,0.77811337,0.6,0.6,0.6,0.6,0.6,0.6,0.6,0.6,0.617689,0.617689,0.617689,0.617689,0.6,0.6,0.6,0.6,0.6,0.6,0.6,0.6,0.6,0.6,0.6,0.6,1.2425531,1.2425531,1.2425531,1.2425531,0.6,0.6,0.6,0.6,1.3092622,1.3092622,1.3092622,1.3092622,0.96379703,0.96379703,0.96379703,0.96379703,1.0598453,1.0598453,1.0598453,1.0598453,0.8880998,0.8880998,0.8880998,0.8880998,1.8521701,1.8521701,1.8521701,1.8521701,0.7608416,0.7608416,0.7608416,0.7608416,0.6,0.6,0.6,0.6,0.6,0.6,0.6,0.6,0.6,0.6,0.6,0.6,0.6,0.6,0.6,0.6,0.6,0.6,0.6,0.6,0.6,0.6,0.6,0.6,0.6,0.6,0.6,0.6,0.6,0.6,0.6,0.6,0.6,0.6,0.6,0.6,0.6,0.6,0.6,0.6,0.6,0.6,0.6,0.6,0.6,0.6,0.6,0.6
0.6,0.6,0.6,0.6,0.60536027,0.60536027,0.60536027,0.60536027,0.62665737,0.62665737,0.62665737,0.62665737,0.77811337,0.77811337,0.77811337,0.77811337,0.6,0.6,0.6,0.6,0.6,0.6,0.6,0.6,0.617689,0.617689,0.617689,0.617689,0.6,0.6,0.6,0.6,0.6,0.6,0.6,0.6,0.6,0.6,0.6,0.6,1.2425531,1.2425531,1.2425531,1.2425531,0.6,0.6,0.6,0.6,1.3092622,1.3092622,1.3092622,1.3092622,0.96379703,0.96379703,0.96379703,0.96379703,1.0598453,1.0598453,1.0598453,1.0598453,0.8880998,0.8880998,0.8880998,0.8880998,1.8521701,1.8521701,1.8521701,1.8521701,0.7608416,0.7608416,0.7608416,0.7608416,0.6,0.6,0.6,0.6,0.6,0.6,0.6,0.6,0.6,0.6,0.6,0.6,0.6,0.6,0.6,0.6,0.6,0.6,0.6,0.6,0.6,0.6,0.6,0.6,0.6,0.6,0.6,0.6,0.6,0.6,0.6,0.6,0.6,0.6,0.6,0.6,0.6,0.6,0.6,0.6,0.6,0.6,0.6,0.6,0.6,0.6,0.6,0.6
0.6,0.6,0.6,0.6,0.60536027,0.60536027,0.60536027,0.60536027,0.62665737,0.62665737,0.62665737,0.62665737,0.77811337,0.77811337,0.77811337,0.77811337,0.6,0.6,0.6,0.6,0.6,0.6,0.6,0.6,0.617689,0.617689,0.617689,0.617689,0.6,0.6,0.6,0.6,0.6,0.6,0.6,0.6,0.6,0.6,0.6,0.6,1.2425531,1.2425531,1.2425531,1.2425531,0.6,0.6,0.6,0.6,1.3092622,1.3092622,1.3092622,1.3092622,0.96379703,0.96379703,0.96379703,0.96379703,1.0598453,1.0598453,1.0598453,1.0598453,0.8880998,0.8880998,0.8880998,0.8880998,1.8521701,1.8521701,1.8521701,1.8521701,0.7608416,0.7608416,0.7608416,0.7608416,0.6,0.6,0.6,0.6,0.6,0.6,0.6,0.6,0.6,0.6,0.6,0.6,0.6,0.6,0.6,0.6,0.6,0.6,0.6,0.6,0.6,0.6,0.6,0.6,0.6,0.6,0.6,0.6,0.6,0.6,0.6,0.6,0.6,0.6,0.6,0.6,0.6,0.6,0.6,0.6,0.6,0.6,0.6,0.6,0.6,0.6,0.6,0.6
0.6,0.6,0.6,0.6,0.60536027,0.60536027,0.60536027,0.60536027,0.62665737,0.62665737,0.62665737,0.62665737,0.77811337,0.77811337,0.77811337,0.77811337,0.6,0.6,0.6,0.6,0.6,0.6,0.6,0.6,0.617689,0.617689,0.617689,0.617689,0.6,0.6,0.6,0.6,0.6,0.6,0.6,0.6,0.6,0.6,0.6,0.6,1.2425531,1.2425531,1.2425531,1.2425531,0.6,0.6,0.6,0.6,1.3092622,1.3092622,1.3092622,1.3092622,0.96379703,0.96379703,0.96379703,0.96379703,1.0598453,1.0598453,1.0598453,1.0598453,0.8880998,0.8880998,0.8880998,0.8880998,1.8521701,1.8521701,1.8521701,1.8521701,0.7608416,0.7608416,0.7608416,0.7608416,0.6,0.6,0.6,0.6,0.6,0.6,0.6,0.6,0.6,0.6,0.6,0.6,0.6,0.6,0.6,0.6,0.6,0.6,0.6,0.6,0.6,0.6,0.6,0.6,0.6,0.6,0.6,0.6,0.6,0.6,0.6,0.6,0.6,0.6,0.6,0.6,0.6,0.6,0.6,0.6,0.6,0.6,0.6,0.6,0.6,0.6,0.6,0.6
1.264297,1.264297,1.264297,1.264297,1.4541315,1.4541315,1.4541315,1.4541315,1.4686081,1.4686081,1.4686081,1.4686081,1.2618241,1.2618241,1.2618241,1.2618241,1.7841929,1.7841929,1.7841929,1.7841929,1.8196788,1.8196788,1.8196788,1.8196788,1.9942694,1.9942694,1.9942694,1.9942694,1.9190199,1.9190199,1.9190199,1.9190199,1.747,1.747,1.747,1.747,2.09412,2.09412,2.09412,2.09412,1.6959445,1.6959445,1.6959445,1.6959445,1.7031856,1.7031856,1.7031856,1.7031856,1.9626788,1.9626788,1.9626788,1.9626788,2.310597,2.310597,2.310597,2.310597,1.8105313,1.8105313,1.8105313,1.8105313,2.392027,2.392027,2.392027,2.392027,2.892653,2.892653,2.892653,2.892653,2.2799306,2.2799306,2.2799306,2.2799306,1.7311636,1.7311636,1.7311636,1.7311636,1.4986647,1.4986647,1.4986647,1.4986647,1.433649,1.433649,1.433649,1.433649,1.6182861,1.6182861,1.6182861,1.6182861,1.6142433,1.6142433,1.6142433,1.6142433,1.4735794,1.4735794,1.4735794,1.4735794,1.1568588,1.1568588,1.1568588,1.1568588,1.2879446,1.2879446,1.2879446,1.2879446,1.1423771,1.1423771,1.1423771,1.1423771,1.1862376,1.1862376,1.1862376,1.1862376,1.0510018,1.0510018,1.0510018,1.0510018,1.0127244,1.0127244,1.0127244,1.0127244
1.264297,1.264297,1.264297,1.264297,1.4541315,1.4541315,1.4541315,1.4541315,1.4686081,1.4686081,1.4686081,1.4686081,1.2618241,1.2618241,1.2618241,1.2618241,1.7841929,1.7841929,1.7841929,1.7841929,1.8196788,1.8196788,1.8196788,1.8196788,1.9942694,1.9942694,1.9942694,1.9942694,1.9190199,1.9190199,1.9190199,1.9190199,1.747,1.747,1.747,1.747,2.09412,2.09412,2.09412,2.09412,1.6959445,1.6959445,1.6959445,1.6959445,1.7031856,1.7031856,1.7031856,1.7031856,1.9626788,1.9626788,1.9626788,1.9626788,2.310597,2.310597,2.310597,2.310597,1.8105313,1.8105313,1.8105313,1.8105313,2.392027,2.392027,2.392027,2.392027,2.892653,2.892653,2.892653,2.892653,2.2799306,2.2799306,2.2799306,2.2799306,1.7311636,1.7311636,1.7311636,1.7311636,1.4986647,1.4986647,1.4986647,1.4986647,1.433649,1.433649,1.433649,1.433649,1.6182861,1.6182861,1.6182861,1.6182861,1.6142433,1.6142433,1.6142433,1.6142433,1.4735794,1.4735794,1.4735794,1.4735794,1.1568588,1.1568588,1.1568588,1.1568588,1.2879446,1.2879446,1.2879446,1.2879446,1.1423771,1.1423771,1.1423771,1.1423771,1.1862376,1.1862376,1.1862376,1.1862376,1.0510018,1.0510018,1.0510018,1.0510018,1.0127244,1.0127244,1.0127244,1.0127244
1.264297,1.264297,1.264297,1.264297,1.4541315,1.4541315,1.4541315,1.4541315,1.4686081,1.4686081,1.4686081,1.4686081,1.2618241,1.2618241,1.2618241,1.2618241,1.7841929,1.7841929,1.7841929,1.7841929,1.8196788,1.8196788,1.8196788,1.8196788,1.9942694,1.9942694,1.9942694,1.9942694,1.9190199,1.9190199,1.9190199,1.9190199,1.747,1.747,1.747,1.747,2.09412,2.09412,2.09412,2.09412,1.6959445,1.6959445,1.6959445,1.6959445,1.7031856,1.7031856,1.7031856,1.7031856,1.9626788,1.9626788,1.9626788,1.9626788,2.310597,2.310597,2.310597,2.310597,1.8105313,1.8105313,1.8105313,1.8105313,2.392027,2.392027,2.392027,2.392027,2.892653,2.892653,2.892653,2.892653,2.2799306,2.2799306,2.2799306,2.2799306,1.7311636,1.7311636,1.7311636,1.7311636,1.4986647,1.4986647,1.4986647,1.4986647,1.433649,1.433649,1.433649,1.433649,1.6182861,1.6182861,1.6182861,1.6182861,1.6142433,1.6142433,1.6142433,1.6142433,1.4735794,1.4735794,1.4735794,1.4735794,1.1568588,1.1568588,1.1568588,1.1568588,1.2879446,1.2879446,1.2879446,1.2879446,1.1423771,1.1423771,1.1423771,1.1423771,1.1862376,1.1862376,1.1862376,1.1862376,1.0510018,1.0510018,1.0510018,1.0510018,1.0127244,1.0127244,1.0127244,1.0127244
1.264297,1.264297,1.264297,1.264297,1.4541315,1.4541315,1.4541315,1.4541315,1.4686081,1.4686081,1.4686081,1.4686081,1.2618241,1.2618241,1.2618241,1.2618241,1.7841929,1.7841929,1.7841929,1.7841929,1.8196788,1.8196788,1.8196788,1.8196788,1.9942694,1.9942694,1.9942694,1.9942694,1.9190199,1.9190199,1.9190199,1.9190199,1.747,1.747,1.747,1.747,2.09412,2.09412,2.09412,2.09412,1.6959445,1.6959445,1.6959445,1.6959445,1.7031856,1.7031856,1.7031856,1.7031856,1.9626788,1.9626788,1.9626788,1.9626788,2.310597,2.310597,2.310597,2.310597,1.8105313,1.8105313,1.8105313,1.8105313,2.392027,2.392027,2.392027,2.392027,2.892653,2.892653,2.892653,2.892653,2.2799306,2.2799306,2.2799306,2.2799306,1.7311636,1.7311636,1.7311636,1.7311636,1.4986647,1.4986647,1.4986647,1.4986647,1.433649,1.433649,1.433649,1.433649,1.6182861,1.6182861,1.6182861,1.6182861,1.6142433,1.6142433,1.6142433,1.6142433,1.4735794,1.4735794,1.4735794,1.4735794,1.1568588,1.1568588,1.1568588,1.1568588,1.2879446,1.2879446,1.2879446,1.2879446,1.1423771,1.1423771,1.1423771,1.1423771,1.1862376,1.1862376,1.1862376,1.1862376,1.0510018,1.0510018,1.0510018,1.0510018,1.0127244,1.0127244,1.0127244,1.0127244
1.463401,1.463401,1.463401,1.463401,1.5396799,1.5396799,1.5396799,1.5396799,1.5313848,1.5313848,1.5313848,1.5313848,1.511168,1.511168,1.511168,1.511168,1.762624,1.762624,1.762624,1.762624,1.9541289,1.9541289,1.9541289,1.9541289,1.9327185,1.9327185,1.9327185,1.9327185,1.8796275,1.8796275,1.8796275,1.8796275,2.4428065,2.4428065,2.4428065,2.4428065,2.2758887,2.2758887,2.2758887,2.2758887,2.2243311,2.2243311,2.2243311,2.2243311,2.5299716,2.5299716,2.5299716,2.5299716,2.5918324,2.5918324,2.5918324,2.5918324,2.3824182,2.3824182,2.3824182,2.3824182,2.6109412,2.6109412,2.6109412,2.6109412,2.793024,2.793024,2.793024,2.793024,3.0,3.0,3.0,3.0,3.0,3.0,3.0,3.0,2.2095368,2.2095368,2.2095368,2.2095368,2.175778,2.175778,2.175778,2.175778,1.9347348,1.9347348,1.9347348,1.9347348,1.9345689,1.9345689,1.9345689,1.9345689,2.1603413,2.1603413,2.1603413,2.1603413,2.016718,2.016718,2.016718,2.016718,1.9617329,1.9617329,1.9617329,1.9617329,2.032416,2.032416,2.032416,2.032416,1.6280812,1.6280812,1.6280812,1.6280812,1.6071818,1.6071818,1.6071818,1.6071818,1.6679174,1.6679174,1.6679174,1.6679174,1.989118,1.989118,1.989118,1.989118
1.463401,1.463401,1.463401,1.463401,1.5396799,1.5396799,1.5396799,1.5396799,1.5313848,1.5313848,1.5313848,1.5313848,1.511168,1.511168,1.511168,1.511168,1.762624,1.762624,1.762624,1.762624,1.9541289,1.9541289,1.9541289,1.9541289,1.9327185,1.9327185,1.9327185,1.9327185,1.8796275,1.8796275,1.8796275,1.8796275,2.4428065,2.4428065,2.4428065,2.4428065,2.2758887,2.2758887,2.2758887,2.2758887,2.2243311,2.2243311,2.2243311,2.2243311,2.5299716,2.5299716,2.5299716,2.5299716,2.5918324,2.5918324,2.5918324,2.5918324,2.3824182,2.3824182,2.3824182,2.3824182,2.6109412,2.6109412,2.6109412,2.6109412,2.793024,2.793024,2.793024,2.793024,3.0,3.0,3.0,3.0,3.0,3.0,3.0,3.0,2.2095368,2.2095368,2.2095368,2.2095368,2.175778,2.175778,2.175778,2.175778,1.9347348,1.9347348,1.9347348,1.9347348,1.9345689,1.9345689,1.9345689,1.9345689,2.1603413,2.1603413,2.1603413,2.1603413,2.016718,2.016718,2.016718,2.016718,1.9617329,1.9617329,1.9617329,1.9617329,2.032416,2.032416,2.032416,2.032416,1.6280812,1.6280812,1.6280812,1.6280812,1.6071818,1.6071818,1.6071818,1.6071818,1.6679174,1.6679174,1.6679174,1.6679174,1.989118,1.989118,1.989118,1.989118
1.463401,1.463401,1.463401,1.463401,1.5396799,1.5396799,1.5396799,1.5396799,1.5313848,1.5313848,1.5313848,1.5313848,1.511168,1.511168,1.511168,1.511168,1.762624,1.762624,1.762624,1.762624,1.9541289,1.9541289,1.9541289,1.9541289,1.9327185,1.9327185,1.9327185,1.9327185,1.8796275,1.8796275,1.8796275,1.8796275,2.4428065,2.4428065,2.4428065,2.4428065,2.2758887,2.2758887,2.2758887,2.2758887,2.2243311,2.2243311,2.2243311,2.2243311,2.5299716,2.5299716,2.5299716,2.5299716,2.5918324,2.5918324,2.5918324,2.5918324,2.3824182,2.3824182,2.3824182,2.3824182,2.6109412,2.6109412,2.6109412,2.6109412,2.793024,2.793024,2.793024,2.793024,3.0,3.0,3.0,3.0,3.0,3.0,3.0,3.0,2.2095368,2.2095368,2.2095368,2.2095368,2.175778,2.175778,2.175778,2.175778,1.9347348,1.9347348,1.9347348,1.9347348,1.9345689,1.9345689,1.9345689,1.9345689,2.1603413,2.1603413,2.1603413,2.1603413,2.016718,2.016718,2.016718,2.016718,1.9617329,1.9617329,1.9617329,1.9617329,2.032416,2.032416,2.032416,2.032416,1.6280812,1.6280812,1.6280812,1.6280812,1.6071818,1.6071818,1.6071818,1.6071818,1.6679174,1.6679174,1.6679174,1.6679174,1.989118,1.989118,1.989118,1.989118
1.463401,1.463401,1.463401,1.463401,1.5396799,1.5396799,1.5396799,1.5396799,1.5313848,1.5313848,1.5313848,1.5313848,1.511168,1.511168,1.511168,1.511168,1.762624,1.762624,1.762624,1.762624,1.9541289,1.9541289,1.9541289,1.9541289,1.9327185,1.9327185,1.9327185,1.9327185,1.8796275,1.8796275,1.8796275,1.8796275,2.4428065,2.4428065,2.4428065,2.4428065,2.2758887,2.2758887,2.2758887,2.2758887,2.2243311,2.2243311,2.2243311,2.2243311,2.5299716,2.5299716,2.5299716,2.5299716,2.5918324,2.5918324,2.5918324,2.5918324,2.3824182,2.3824182,2.3824182,2.3824182,2.6109412,2.6109412,2.6109412,2.6109412,2.793024,2.793024,2.793024,2.793024,3.0,3.0,3.0,3.0,3.0,3.0,3.0,3.0,2.2095368,2.2095368,2.2095368,2.2095368,2.175778,2.175778,2.175778,2.175778,1.9347348,1.9347348,1.9347348,1.9347348,1.9345689,1.9345689,1.9345689,1.9345689,2.1603413,2.1603413,2.1603413,2.1603413,2.016718,2.016718,2.016718,2.016718,1.9617329,1.9617329,1.9617329,1.9617329,2.032416,2.032416,2.032416,2.032416,1.6280812,1.6280812,1.6280812,1.6280812,1.6071818,1.6071818,1.6071818,1.6071818,1.6679174,1.6679174,1.6679174,1.6679174,1.989118,1.989118,1.989118,1.989118
1.7932837,1.7932837,1.7932837,1.7932837,1.7051579,1.7051579,1.7051579,1.7051579,1.6676592,1.6676592,1.6676592,1.6676592,1.996113,1.996113,1.996113,1.996113,1.8974434,1.8974434,1.8974434,1.8974434,2.1113617,2.1113617,2.1113617,2.1113617,2.2779884,2.2779884,2.2779884,2.2779884,2.321807,2.321807,2.321807,2.321807,2.1516078,2.1516078,2.1516078,2.1516078,2.462029,2.462029,2.462029,2.462029,2.427905,2.427905,2.427905,2.427905,2.306283,2.306283,2.306283,2.306283,2.2419884,2.2419884,2.2419884,2.2419884,2.573398,2.573398,2.573398,2.573398,2.38218,2.38218,2.38218,2.38218,3.0,3.0,3.0,3.0,2.9738731,2.9738731,2.9738731,2.9738731,2.5133672,2.5133672,2.5133672,2.5133672,3.0,3.0,3.0,3.0,3.0,3.0,3.0,3.0,3.0,3.0,3.0,3.0,2.1770213,2.1770213,2.1770213,2.1770213,2.361851,2.361851,2.361851,2.361851,1.9441255,1.9441255,1.9441255,1.9441255,2.5168896,2.5168896,2.5168896,2.5168896,2.1543376,2.1543376,2.1543376,2.1543376,2.4644113,2.4644113,2.4644113,2.4644113,2.0895796,2.0895796,2.0895796,2.0895796,2.2819393,2.2819393,2.2819393,2.2819393,1.7989184,1.7989184,1.7989184,1.7989184
1.7932837,1.7932837,1.7932837,1.7932837,1.7051579,1.7051579,1.7051579,1.7051579,1.6676592,1.6676592,1.6676592,1.6676592,1.996113,1.996113,1.996113,1.996113,1.8974434,1.8974434,1.8974434,1.8974434,2.1113617,2.1113617,2.1113617,2.1113617,2.2779884,2.2779884,2.2779884,2.2779884,2.321807,2.321807,2.321807,2.321807,2.1516078,2.1516078,2.1516078,2.1516078,2.462029,2.462029,2.462029,2.462029,2.427905,2.427905,2.427905,2.427905,2.306283,2.306283,2.306283,2.306283,2.2419884,2.2419884,2.2419884,2.2419884,2.573398,2.573398,2.573398,2.573398,2.38218,2.38218,2.38218,2.38218,3.0,3.0,3.0,3.0,2.9738731,2.9738731,2.9738731,2.9738731,2.5133672,2.5133672,2.5133672,2.5133672,3.0,3.0,3.0,3.0,3.0,3.0,3.0,3.0,3.0,3.0,3.0,3.0,2.1770213,2.1770213,2.1770213,2.1770213,2.361851,2.361851,2.361851,2.361851,1.9441255,1.9441255,1.9441255,1.9441255,2.5168896,2.5168896,2.5168896,2.5168896,2.1543376,2.1543376,2.1543376,2.1543376,2.4644113,2.4644113,2.4644113,2.4644113,2.0895796,2.0895796,2.0895796,2.0895796,2.2819393,2.2819393,2.2819393,2.2819393,1.7989184,1.7989184,1.7989184,1.7989184
1.7932837,1.7932837,1.7932837,1.7932837,1.7051579,1.7051579,1.7051579,1.7051579,1.6676592,1.6676592,1.6676592,1.6676592,1.996113,1.996113,1.996113,1.996113,1.8974434,1.8974434,1.8974434,1.8974434,2.1113617,2.1113617,2.1113617,2.1113617,2.2779884,2.2779884,2.2779884,2.2779884,2.321807,2.321807,2.321807,2.321807,2.1516078,2.1516078,2.1516078,2.1516078,2.462029,2.462029,2.462029,2.462029,2.427905,2.427905,2.427905,2.427905,2.306283,2.306283,2.306283,2.306283,2.2419884,2.2419884,2.2419884,2.2419884,2.573398,2.573398,2.573398,2.573398,2.38218,2.38218,2.38218,2.38218,3.0,3.0,3.0,3.0,2.9738731,2.9738731,2.9738731,2.9738731,2.5133672,2.5133672,2.5133672,2.5133672,3.0,3.0,3.0,3.0,3.0,3.0,3.0,3.0,3.0,3.0,3.0,3.0,2.1770213,2.1770213,2.1770213,2.1770213,2.361851,2.361851,2.361851,2.361851,1.9441255,1.9441255,1.9441255,1.9441255,2.5168896,2.5168896,2.5168896,2.5168896,2.1543376,2.1543376,2.1543376,2.1543376,2.4644113,2.4644113,2.4644113,2.4644113,2.0895796,2.0895796,2.0895796,2.0895796,2.2819393,2.2819393,2.2819393,2.2819393,1.7989184,1.7989184,1.7989184,1.7989184
1.7932837,1.7932837,1.7932837,1.7932837,1.7051579,1.7051579,1.7051579,1.7051579,1.6676592,1.6676592,1.6676592,1.6676592,1.996113,1.996113,1.996113,1.996113,1.8974434,1.8974434,1.8974434,1.8974434,2.1113617,2.1113617,2.1113617,2.1113617,2.2779884,2.2779884,2.2779884,2.2779884,2.321807,2.321807,2.321807,2.321807,2.1516078,2.1516078,2.1516078,2.1516078,2.462029,2.462029,2.462029,2.462029,2.427905,2.427905,2.427905,2.427905,2.306283,2.306283,2.306283,2.306283,2.2419884,2.2419884,2.2419884,2.2419884,2.573398,2.573398,2.573398,2.573398,2.38218,2.38218,2.38218,2.38218,3.0,3.0,3.0,3.0,2.9738731,2.9738731,2.9738731,2.9738731,2.5133672,2.5133672,2.5133672,2.5133672,3.0,3.0,3.0,3.0,3.0,3.0,3.0,3.0,3.0,3.0,3.0,3.0,2.1770213,2.1770213,2.1770213,2.1770213,2.361851,2.361851,2.361851,2.361851,1.9441255,1.9441255,1.9441255,1.9441255,2.5168896,2.5168896,2.5168896,2.5168896,2.1543376,2.1543376,2.1543376,2.1543376,2.4644113,2.4644113,2.4644113,2.4644113,2.0895796,2.0895796,2.0895796,2.0895796,2.2819393,2.2819393,2.2819393,2.2819393,1.7989184,1.7989184,1.7989184,1.7989184
1.3006482,1.3006482,1.3006482,1.3006482,1.423356,1.423356,1.423356,1.423356,1.5190915,1.5190915,1.5190915,1.5190915,1.687699,1.687699,1.687699,1.687699,2.3023517,2.3023517,2.3023517,2.3023517,2.216007,2.216007,2.216007,2.216007,2.0460548,2.0460548,2.0460548,2.0460548,2.1880267,2.1880267,2.1880267,2.1880267,1.746751,1.746751,1.746751,1.746751,2.0655956,2.0655956,2.0655956,2.0655956,2.4565985,2.4565985,2.4565985,2.4565985,1.8400344,1.8400344,1.8400344,1.8400344,2.587129,2.587129,2.587129,2.587129,1.6927202,1.6927202,1.6927202,1.6927202,2.3291955,2.3291955,2.3291955,2.3291955,2.785616,2.785616,2.785616,2.785616,3.0,3.0,3.0,3.0,2.0324714,2.0324714,2.0324714,2.0324714,2.2304285,2.2304285,2.2304285,2.2304285,2.7352252,2.7352252,2.7352252,2.7352252,2.2515318,2.2515318,2.2515318,2.2515318,2.6825695,2.6825695,2.6825695,2.6825695,2.0944257,2.0944257,2.0944257,2.0944257,1.7763805,1.7763805,1.7763805,1.7763805,1.3216554,1.3216554,1.3216554,1.3216554,2.053958,2.053958,2.053958,2.053958,2.1218016,2.1218016,2.1218016,2.1218016,1.6225699,1.6225699,1.6225699,1.6225699,1.7147881,1.7147881,1.7147881,1.7147881,1.5765508,1.5765508,1.5765508,1.5765508
1.3006482,1.3006482,1.3006482,1.3006482,1.423356,1.423356,1.423356,1.423356,1.5190915,1.5190915,1.5190915,1.5190915,1.687699,1.687699,1.687699,1.687699,2.3023517,2.3023517,2.3023517,2.3023517,2.216007,2.216007,2.216007,2.216007,2.0460548,2.0460548,2.0460548,2.0460548,2.1880267,2.1880267,2.1880267,2.1880267,1.746751,1.746751,1.746751,1.746751,2.0655956,2.0655956,2.0655956,2.0655956,2.4565985,2.4565985,2.4565985,2.4565985,1.8400344,1.8400344,1.8400344,1.8400344,2.587129,2.587129,2.587129,2.587129,1.6927202,1.6927202,1.6927202,1.6927202,2.3291955,2.3291955,2.3291955,2.3291955,2.785616,2.785616,2.785616,2.785616,3.0,3.0,3.0,3.0,2.0324714,2.0324714,2.0324714,2.0324714,2.2304285,2.2304285,2.2304285,2.2304285,2.7352252,2.7352252,2.7352252,2.7352252,2.2515318,2.2515318,2.2515318,2.2515318,2.6825695,2.6825695,2.6825695,2.6825695,2.0944257,2.0944257,2.0944257,2.0944257,1.7763805,1.7763805,1.7763805,1.7763805,1.3216554,1.3216554,1.3216554,1.3216554,2.053958,2.053958,2.053958,2.053958,2.1218016,2.1218016,2.1218016,2.1218016,1.6225699,1.6225699,1.6225699,1.6225699,1.7147881,1.7147881,1.7147881,1.7147881,1.5765508,1.5765508,1.5765508,1.5765508
1.3006482,1.3006482,1.3006482,1.3006482,1.423356,1.423356,1.423356,1.423356,1.5190915,1.5190915,1.5190915,1.5190915,1.687699,1.687699,1.687699,1.687699,2.3023517,2.3023517,2.3023517,2.3023517,2.216007,2.216007,2.216007,2.216007,2.0460548,2.0460548,2.0460548,2.0460548,2.1880267,2.1880267,2.1880267,2.1880267,1.746751,1.746751,1.746751,1.746751,2.0655956,2.0655956,2.0655956,2.0655956,2.4565985,2.4565985,2.4565985,2.4565985,1.8400344,1.8400344,1.8400344,1.8400344,2.587129,2.587129,2.587129,2.587129,1.6927202,1.6927202,1.6927202,1.6927202,2.3291955,2.3291955,2.3291955,2.3291955,2.785616,2.785616,2.785616,2.785616,3.0,3.0,3.0,3.0,2.0324714,2.0324714,2.0324714,2.0324714,2.2304285,2.2304285,2.2304285,2.2304285,2.7352252,2.7352252,2.7352252,2.7352252,2.2515318,2.2515318,2.2515318,2.2515318,2.6825695,2.6825695,2.6825695,2.6825695,2.0944257,2.0944257,2.0944257,2.0944257,1.7763805,1.7763805,1.7763805,1.7763805,1.3216554,1.3216554,1.3216554,1.3216554,2.053958,2.053958,2.053958,2.053958,2.1218016,2.1218016,2.1218016,2.1218016,1.6225699,1.6225699,1.6225699,1.6225699,1.7147881,1.7147881,1.7147881,1.7147881,1.5765508,1.5765508,1.5765508,1.5765508
1.3006482,1.3006482,1.3006482,1.3006482,1.423356,1.423356,1.423356,1.423356,1.5190915,1.5190915,1.5190915,1.5190915,1.687699,1.687699,1.687699,1.687699,2.3023517,2.3023517,2.3023517,2.3023517,2.216007,2.216007,2.216007,2.216007,2.0460548,2.0460548,2.0460548,2.0460548,2.1880267,2.1880267,2.1880267,2.1880267,1.746751,1.746751,1.746751,1.746751,2.0655956,2.0655956,2.0655956,2.0655956,2.4565985,2.4565985,2.4565985,2.4565985,1.8400344,1.8400344,1.8400344,1.8400344,2.587129,2.587129,2.587129,2.587129,1.6927202,1.6927202,1.6927202,1.6927202,2.3291955,2.3291955,2.3291955,2.3291955,2.785616,2.785616,2.785616,2.785616,3.0,3.0,3.0,3.0,2.0324714,2.0324714,2.0324714,2.0324714,2.2304285,2.2304285,2.2304285,2.2304285,2.7352252,2.7352252,2.7352252,2.7352252,2.2515318,2.2515318,2.2515318,2.2515318,2.6825695,2.6825695,2.6825695,2.6825695,2.0944257,2.0944257,2.0944257,2.0944257,1.7763805,1.7763805,1.7763805,1.7763805,1.3216554,1.3216554,1.3216554,1.3216554,2.053958,2.053958,2.053958,2.053958,2.1218016,2.1218016,2.1218016,2.1218016,1.6225699,1.6225699,1.6225699,1.6225699,1.7147881,1.7147881,1.7147881,1.7147881,1.5765508,1.5765508,1.5765508,1.5765508
1.7762113,1.7762113,1.7762113,1.7762113,1.7547109,1.7547109,1.7547109,1.7547109,1.7726785,1.7726785,1.7726785,1.7726785,1.6970075,1.6970075,1.6970075,1.6970075,1.9920158,1.9920158,1.9920158,1.9920158,2.1016817,2.1016817,2.1016817,2.1016817,1.7802448,1.7802448,1.7802448,1.7802448,1.8800327,1.8800327,1.8800327,1.8800327,1.8027093,1.8027093,1.8027093,1.8027093,1.6402776,1.6402776,1.6402776,1.6402776,1.5623357,1.5623357,1.5623357,1.5623357,1.7845513,1.7845513,1.7845513,1.7845513,2.7665198,2.7665198,2.7665198,2.7665198,1.9668884,1.9668884,1.9668884,1.9668884,2.776385,2.776385,2.776385,2.776385,2.6348064,2.6348064,2.6348064,2.6348064,2.7045105,2.7045105,2.7045105,2.7045105,1.9741938,1.9741938,1.9741938,1.9741938,1.9832073,1.9832073,1.9832073,1.9832073,1.8240663,1.8240663,1.8240663,1.8240663,2.502726,2.502726,2.502726,2.502726,2.0426507,2.0426507,2.0426507,2.0426507,1.35459,1.35459,1.35459,1.35459,1.8602812,1.8602812,1.8602812,1.8602812,2.1342187,2.1342187,2.1342187,2.1342187,1.8376207,1.8376207,1.8376207,1.8376207,1.7526956,1.7526956,1.7526956,1.7526956,1.8234259,1.8234259,1.8234259,1.8234259,1.9301777,1.9301777,1.9301777,1.9301777,1.754706,1.754706,1.754706,1.754706
1.7762113,1.7762113,1.7762113,1.7762113,1.7547109,1.7547109,1.7547109,1.7547109,1.7726785,1.7726785,1.7726785,1.7726785,1.6970075,1.6970075,1.6970075,1.6970075,1.9920158,1.9920158,1.9920158,1.9920158,2.1016817,2.1016817,2.1016817,2.1016817,1.7802448,1.7802448,1.7802448,1.7802448,1.8800327,1.8800327,1.8800327,1.8800327,1.8027093,1.8027093,1.8027093,1.8027093,1.6402776,1.6402776,1.6402776,1.6402776,1.5623357,1.5623357,1.5623357,1.5623357,1.7845513,1.7845513,1.7845513,1.7845513,2.7665198,2.7665198,2.7665198,2.7665198,1.9668884,1.9668884,1.9668884,1.9668884,2.776385,2.776385,2.776385,2.776385,2.6348064,2.6348064,2.6348064,2.6348064,2.7045105,2.7045105,2.7045105,2.7045105,1.9741938,1.9741938,1.9741938,1.9741938,1.9832073,1.9832073,1.9832073,1.9832073,1.8240663,1.8240663,1.8240663,1.8240663,2.502726,2.502726,2.502726,2.502726,2.0426507,2.0426507,2.0426507,2.0426507,1.35459,1.35459,1.35459,1.35459,1.8602812,1.8602812,1.8602812,1.8602812,2.1342187,2.1342187,2.1342187,2.1342187,1.8376207,1.8376207,1.8376207,1.8376207,1.7526956,1.7526956,1.7526956,1.7526956,1.8234259,1.8234259,1.8234259,1.8234259,1.9301777,1.9301777,1.9301777,1.9301777,1.754706,1.754706,1.754706,1.754706
1.7762113,1.7762113,1.7762113,1.7762113,1.7547109,1.7547109,1.7547109,1.7547109,1.7726785,1.7726785,1.7726785,1.7726785,1.6970075,1.6970075,1.6970075,1.6970075,1.9920158,1.9920158,1.9920158,1.9920158,2.1016817,2.1016817,2.1016817,2.1016817,1.7802448,1.7802448,1.7802448,1.7802448,1.8800327,1.8800327,1.8800327,1.8800327,1.8027093,1.8027093,1.8027093,1.8027093,1.6402776,1.6402776,1.6402776,1.6402776,1.5623357,1.5623357,1.5623357,1.5623357,1.7845513,1.7845513,1.7845513,1.7845513,2.7665198,2.7665198,2.7665198,2.7665198,1.9668884,1.9668884,1.9668884,1.9668884,2.776385,2.776385,2.776385,2.776385,2.6348064,2.6348064,2.6348064,2.6348064,2.7045105,2.7045105,2.7045105,2.7045105,1.9741938,1.9741938,1.9741938,1.9741938,1.9832073,1.9832073,1.9832073,1.9832073,1.8240663,1.8240663,1.8240663,1.8240663,2.502726,2.502726,2.502726,2.502726,2.0426507,2.0426507,2.0426507,2.0426507,1.35459,1.35459,1.35459,1.35459,1.8602812,1.8602812,1.8602812,1.8602812,2.1342187,2.1342187,2.1342187,2.1342187,1.8376207,1.8376207,1.8376207,1.8376207,1.7526956,1.7526956,1.7526956,1.7526956,1.8234259,1.8234259,1.8234259,1.8234259,1.9301777,1.9301777,1.9301777,1.9301777,1.754706,1.754706,1.754706,1.754706
1.7762113,1.7762113,1.7762113,1.7762113,1.7547109,1.7547109,1.7547109,1.7547109,1.7726785,1.7726785,1.7726785,1.7726785,1.6970075,1.6970075,1.6970075,1.6970075,1.9920158,1.9920158,1.9920158,1.9920158,2.1016817,2.1016817,2.1016817,2.1016817,1.7802448,1.7802448,1.7802448,1.7802448,1.8800327,1.8800327,1.8800327,1.8800327,1.8027093,1.8027093,1.8027093,1.8027093,1.6402776,1.6402776,1.6402776,1.6402776,1.5623357,1.5623357,1.5623357,1.5623357,1.7845513,1.7845513,1.7845513,1.7845513,2.7665198,2.7665198,2.7665198,2.7665198,1.9668884,1.9668884,1.9668884,1.9668884,2.776385,2.776385,2.776385,2.776385,2.6348064,2.6348064,2.6348064,2.6348064,2.7045105,2.7045105,2.7045105,2.7045105,1.9741938,1.9741938,1.9741938,1.9741938,1.9832073,1.9832073,1.9832073,1.9832073,1.8240663,1.8240663,1.8240663,1.8240663,2.502726,2.502726,2.502726,2.502726,2.0426507,2.0426507,2.0426507,2.0426507,1.35459,1.35459,1.35459,1.35459,1.8602812,1.8602812,1.8602812,1.8602812,2.1342187,2.1342187,2.1342187,2.1342187,1.8376207,1.8376207,1.8376207,1.8376207,1.7526956,1.7526956,1.7526956,1.7526956,1.8234259,1.8234259,1.8234259,1.8234259,1.9301777,1.9301777,1.9301777,1.9301777,1.754706,1.754706,1.754706,1.754706
1.6291357,1.6291357,1.6291357,1.6291357,1.7891649,1.7891649,1.7891649,1.7891649,1.7399966,1.7399966,1.7399966,1.7399966,1.8296175,1.8296175,1.8296175,1.8296175,1.9226615,1.9226615,1.9226615,1.9226615,1.3805352,1.3805352,1.3805352,1.3805352,1.9995667,1.9995667,1.9995667,1.9995667,2.1566327,2.1566327,2.1566327,2.1566327,2.1750374,2.1750374,2.1750374,2.1750374,2.3540897,2.3540897,2.3540897,2.3540897,1.633854,1.633854,1.633854,1.633854,1.7641592,1.7641592,1.7641592,1.7641592,3.0,3.0,3.0,3.0,1.6379368,1.6379368,1.6379368,1.6379368,2.2496333,2.2496333,2.2496333,2.2496333,1.6683255,1.6683255,1.6683255,1.6683255,1.6192858,1.6192858,1.6192858,1.6192858,2.0710318,2.0710318,2.0710318,2.0710318,1.7242001,1.7242001,1.7242001,1.7242001,2.3155692,2.3155692,2.3155692,2.3155692,2.9663432,2.9663432,2.9663432,2.9663432,2.9452567,2.9452567,2.9452567,2.9452567,1.8286312,1.8286312,1.8286312,1.8286312,1.4851234,1.4851234,1.4851234,1.4851234,0.7547393,0.7547393,0.7547393,0.7547393,1.0584265,1.0584265,1.0584265,1.0584265,1.9824916,1.9824916,1.9824916,1.9824916,1.577023,1.577023,1.577023,1.577023,1.4945542,1.4945542,1.4945542,1.4945542,1.4556321,1.4556321,1.4556321,1.4556321
1.6291357,1.6291357,1.6291357,1.6291357,1.7891649,1.7891649,1.7891649,1.7891649,1.7399966,1.7399966,1.7399966,1.7399966,1.8296175,1.8296175,1.8296175,1.8296175,1.9226615,1.9226615,1.9226615,1.9226615,1.3805352,1.3805352,1.3805352,1.3805352,1.9995667,1.9995667,1.9995667,1.9995667,2.1566327,2.1566327,2.1566327,2.1566327,2.1750374,2.1750374,2.1750374,2.1750374,2.3540897,2.3540897,2.3540897,2.3540897,1.633854,1.633854,1.633854,1.633854,1.7641592,1.7641592,1.7641592,1.7641592,3.0,3.0,3.0,3.0,1.6379368,1.6379368,1.6379368,1.6379368,2.2496333,2.2496333,2.2496333,2.2496333,1.6683255,1.6683255,1.6683255,1.6683255,1.6192858,1.6192858,1.6192858,1.6192858,2.0710318,2.0710318,2.0710318,2.0710318,1.7242001,1.7242001,1.7242001,1.7242001,2.3155692,2.3155692,2.3155692,2.3155692,2.9663432,2.9663432,2.9663432,2.9663432,2.9452567,2.9452567,2.9452567,2.9452567,1.8286312,1.8286312,1.8286312,1.8286312,1.4851234,1.4851234,1.4851234,1.4851234,0.7547393,0.7547393,0.7547393,0.7547393,1.0584265,1.0584265,1.0584265,1.0584265,1.9824916,1.9824916,1.9824916,1.9824916,1.577023,1.577023,1.577023,1.577023,1.4945542,1.4945542,1.4945542,1.4945542,1.4556321,1.4556321,1.4556321,1.4556321
1.6291357,1.6291357,1.6291357,1.6291357,1.7891649,1.7891649,1.7891649,1.7891649,1.7399966,1.7399966,1.7399966,1.7399966,1.8296175,1.8296175,1.8296175,1.8296175,1.9226615,1.9226615,1.9226615,1.9226615,1.3805352,1.3805352,1.3805352,1.3805352,1.9995667,1.9995667,1.9995667,1.9995667,2.1566327,2.1566327,2.1566327,2.1566327,2.1750374,2.1750374,2.1750374,2.1750374,2.3540897,2.3540897,2.3540897,2.3540897,1.633854,1.633854,1.633854,1.633854,1.7641592,1.7641592,1.7641592,1.7641592,3.0,3.0,3.0,3.0,1.6379368,1.6379368,1.6379368,1.6379368,2.2496333,2.2496333,2.2496333,2.2496333,1.6683255,1.6683255,1.6683255,1.6683255,1.6192858,1.6192858,1.6192858,1.6192858,2.0710318,2.0710318,2.0710318,2.0710318,1.7242001,1.7242001,1.7242001,1.7242001,2.3155692,2.3155692,2.3155692,2.3155692,2.9663432,2.9663432,2.9663432,2.9663432,2.9452567,2.9452567,2.9452567,2.9452567,1.8286312,1.8286312,1.8286312,1.8286312,1.4851234,1.4851234,1.4851234,1.4851234,0.7547393,0.7547393,0.7547393,0.7547393,1.0584265,1.0584265,1.0584265,1.0584265,1.9824916,1.9824916,1.9824916,1.9824916,1.577023,1.577023,1.577023,1.577023,1.4945542,1.4945542,1.4945542,1.4945542,1.4556321,1.4556321,1.4556321,1.4556321
1.6291357,1.6291357,1.6291357,1.6291357,1.7891649,1.7891649,1.7891649,1.7891649,1.7399966,1.7399966,1.7399966,1.7399966,1.8296175,1.8296175,1.8296175,1.8296175,1.9226615,1.9226615,1.9226615,1.9226615,1.3805352,1.3805352,1.3805352,1.3805352,1.9995667,1.9995667,1.9995667,1.9995667,2.1566327,2.1566327,2.1566327,2.1566327,2.1750374,2.1750374,2.1750374,2.1750374,2.3540897,2.3540897,2.3540897,2.3540897,1.633854,1.633854,1.633854,1.633854,1.7641592,1.7641592,1.7641592,1.7641592,3.0,3.0,3.0,3.0,1.6379368,1.6379368,1.6379368,1.6379368,2.2496333,2.2496333,2.2496333,2.2496333,1.6683255,1.6683255,1.6683255,1.6683255,1.6192858,1.6192858,1.6192858,1.6192858,2.0710318,2.0710318,2.0710318,2.0710318,1.7242001,1.7242001,1.7242001,1.7242001,2.3155692,2.3155692,2.3155692,2.3155692,2.9663432,2.9663432,2.9663432,2.9663432,2.9452567,2.9452567,2.9452567,2.9452567,1.8286312,1.8286312,1.8286312,1.8286312,1.4851234,1.4851234,1.4851234,1.4851234,0.7547393,0.7547393,0.7547393,0.7547393,1.0584265,1.0584265,1.0584265,1.0584265,1.9824916,1.9824916,1.9824916,1.9824916,1.577023,1.577023,1.577023,1.577023,1.4945542,1.4945542,1.4945542,1.4945542,1.4556321,1.4556321,1.4556321,1.4556321
2.003727,2.003727,2.003727,2.003727,1.794275,1.794275,1.794275,1.794275,1.6303153,1.6303153,1.6303153,1.6303153,1.4534453,1.4534453,1.4534453,1.4534453,1.5290302,1.5290302,1.5290302,1.5290302,1.1726394,1.1726394,1.1726394,1.1726394,0.8728628,0.8728628,0.8728628,0.8728628,1.0169187,1.0169187,1.0169187,1.0169187,2.248457,2.248457,2.248457,2.248457,1.9209121,1.9209121,1.9209121,1.9209121,1.651855,1.651855,1.651855,1.651855,1.1319089,1.1319089,1.1319089,1.1319089,1.2981858,1.2981858,1.2981858,1.2981858,2.1201286,2.1201286,2.1201286,2.1201286,1.7581313,1.7581313,1.7581313,1.7581313,1.8860457,1.8860457,1.8860457,1.8860457,3.0,3.0,3.0,3.0,3.0,3.0,3.0,3.0,2.6754844,2.6754844,2.6754844,2.6754844,2.7960343,2.7960343,2.7960343,2.7960343,2.9850104,2.9850104,2.9850104,2.9850104,3.0,3.0,3.0,3.0,3.0,3.0,3.0,3.0,2.077545,2.077545,2.077545,2.077545,1.8337847,1.8337847,1.8337847,1.8337847,1.8575466,1.8575466,1.8575466,1.8575466,1.8754696,1.8754696,1.8754696,1.8754696,1.3432586,1.3432586,1.3432586,1.3432586,1.1695418,1.1695418,1.1695418,1.1695418,1.5474492,1.5474492,1.5474492,1.5474492
2.003727,2.003727,2.003727,2.003727,1.794275,1.794275,1.794275,1.794275,1.6303153,1.6303153,1.6303153,1.6303153,1.4534453,1.4534453,1.4534453,1.4534453,1.5290302,1.5290302,1.5290302,1.5290302,1.1726394,1.1726394,1.1726394,1.1726394,0.8728628,0.8728628,0.8728628,0.8728628,1.0169187,1.0169187,1.0169187,1.0169187,2.248457,2.248457,2.248457,2.248457,1.9209121,1.9209121,1.9209121,1.9209121,1.651855,1.651855,1.651855,1.651855,1.1319089,1.1319089,1.1319089,1.1319089,1.2981858,1.2981858,1.2981858,1.2981858,2.1201286,2.1201286,2.1201286,2.1201286,1.7581313,1.7581313,1.7581313,1.7581313,1.8860457,1.8860457,1.8860457,1.8860457,3.0,3.0,3.0,3.0,3.0,3.0,3.0,3.0,2.6754844,2.6754844,2.6754844,2.6754844,2.7960343,2.7960343,2.7960343,2.7960343,2.9850104,2.9850104,2.9850104,2.9850104,3.0,3.0,3.0,3.0,3.0,3.0,3.0,3.0,2.077545,2.077545,2.077545,2.077545,1.8337847,1.8337847,1.8337847,1.8337847,1.8575466,1.8575466,1.8575466,1.8575466,1.8754696,1.8754696,1.8754696,1.8754696,1.3432586,1.3432586,1.3432586,1.3432586,1.1695418,1.1695418,1.1695418,1.1695418,1.5474492,1.5474492,1.5474492,1.5474492
2.003727,2.003727,2.003727,2.003727,1.794275,1.794275,1.794275,1.794275,1.6303153,1.6303153,1.6303153,1.6303153,1.4534453,1.4534453,1.4534453,1.4534453,1.5290302,1.5290302,1.5290302,1.5290302,1.1726394,1.1726394,1.1726394,1.1726394,0.8728628,0.8728628,0.8728628,0.8728628,1.0169187,1.0169187,1.0169187,1.0169187,2.248457,2.248457,2.248457,2.248457,1.9209121,1.9209121,1.9209121,1.9209121,1.651855,1.651855,1.651855,1.651855,1.1319089,1.1319089,1.1319089,1.1319089,1.2981858,1.2981858,1.2981858,1.2981858,2.1201286,2.1201286,2.1201286,2.1201286,1.7581313,1.7581313,1.7581313,1.7581313,1.8860457,1.8860457,1.8860457,1.8860457,3.0,3.0,3.0,3.0,3.0,3.0,3.0,3.0,2.6754844,2.6754844,2.6754844,2.6754844,2.7960343,2.7960343,2.7960343,2.7960343,2.9850104,2.9850104,2.9850104,2.9850104,3.0,3.0,3.0,3.0,3.0,3.0,3.0,3.0,2.077545,2.077545,2.077545,2.077545,1.8337847,1.8337847,1.8337847,1.8337847,1.8575466,1.8575466,1.8575466,1.8575466,1.8754696,1.8754696,1.8754696,1.8754696,1.3432586,1.3432586,1.3432586,1.3432586,1.1695418,1.1695418,1.1695418,1.1695418,1.5474492,1.5474492,1.5474492,1.5474492
2.003727,2.003727,2.003727,2.003727,1.794275,1.794275,1.794275,1.794275,1.6303153,1.6303153,1.6303153,1.6303153,1.4534453,1.4534453,1.4534453,1.4534453,1.5290302,1.5290302,1.5290302,1.5290302,1.1726394,1.1726394,1.1726394,1.1726394,0.8728628,0.8728628,0.8728628,0.8728628,1.0169187,1.0169187,1.0169187,1.0169187,2.248457,2.248457,2.248457,2.248457,1.9209121,1.9209121,1.9209121,1.9209121,1.651855,1.651855,1.651855,1.651855,1.1319089,1.1319089,1.1319089,1.1319089,1.2981858,1.2981858,1.2981858,1.2981858,2.1201286,2.1201286,2.1201286,2.1201286,1.7581313,1.7581313,1.7581313,1.7581313,1.8860457,1.8860457,1.8860457,1.8860457,3.0,3.0,3.0,3.0,3.0,3.0,3.0,3.0,2.6754844,2.6754844,2.6754844,2.6754844,2.7960343,2.7960343,2.7960343,2.7960343,2.9850104,2.9850104,2.9850104,2.9850104,3.0,3.0,3.0,3.0,3.0,3.0,3.0,3.0,2.077545,2.077545,2.077545,2.077545,1.8337847,1.8337847,1.8337847,1.8337847,1.8575466,1.8575466,1.8575466,1.8575466,1.8754696,1.8754696,1.8754696,1.8754696,1.3432586,1.3432586,1.3432586,1.3432586,1.1695418,1.1695418,1.1695418,1.1695418,1.5474492,1.5474492,1.5474492,1.5474492
1.4568452,1.4568452,1.4568452,1.4568452,1.2010592,1.2010592,1.2010592,1.2010592,1.2183015,1.2183015,1.2183015,1.2183015,1.2783804,1.2783804,1.2783804,1.2783804,1.506024,1.506024,1.506024,1.506024,1.7258985,1.7258985,1.7258985,1.7258985,1.8187741,1.8187741,1.8187741,1.8187741,1.5736756,1.5736756,1.5736756,1.5736756,1.7354767,1.7354767,1.7354767,1.7354767,2.4215555,2.4215555,2.4215555,2.4215555,1.7337545,1.7337545,1.7337545,1.7337545,2.0680084,2.0680084,2.0680084,2.0680084,1.3682042,1.3682042,1.3682042,1.3682042,1.9005275,1.9005275,1.9005275,1.9005275,1.084945,1.084945,1.084945,1.084945,1.6679572,1.6679572,1.6679572,1.6679572,2.5707514,2.5707514,2.5707514,2.5707514,3.0,3.0,3.0,3.0,2.3622332,2.3622332,2.3622332,2.3622332,2.3514276,2.3514276,2.3514276,2.3514276,2.7866216,2.7866216,2.7866216,2.7866216,2.7426617,2.7426617,2.7426617,2.7426617,2.3015206,2.3015206,2.3015206,2.3015206,2.1313488,2.1313488,2.1313488,2.1313488,1.9368138,1.9368138,1.9368138,1.9368138,1.7978712,1.7978712,1.7978712,1.7978712,1.9180245,1.9180245,1.9180245,1.9180245,1.6102179,1.6102179,1.6102179,1.6102179,1.4957783,1.4957783,1.4957783,1.4957783,1.5817586,1.5817586,1.5817586,1.5817586
1.4568452,1.4568452,1.4568452,1.4568452,1.2010592,1.2010592,1.2010592,1.2010592,1.2183015,1.2183015,1.2183015,1.2183015,1.2783804,1.2783804,1.2783804,1.2783804,1.506024,1.506024,1.506024,1.506024,1.7258985,1.7258985,1.7258985,1.7258985,1.8187741,1.8187741,1.8187741,1.8187741,1.5736756,1.5736756,1.5736756,1.5736756,1.7354767,1.7354767,1.7354767,1.7354767,2.4215555,2.4215555,2.4215555,2.4215555,1.7337545,1.7337545,1.7337545,1.7337545,2.0680084,2.0680084,2.0680084,2.0680084,1.3682042,1.3682042,1.3682042,1.3682042,1.9005275,1.9005275,1.9005275,1.9005275,1.084945,1.084945,1.084945,1.084945,1.6679572,1.6679572,1.6679572,1.6679572,2.5707514,2.5707514,2.5707514,2.5707514,3.0,3.0,3.0,3.0,2.3622332,2.3622332,2.3622332,2.3622332,2.3514276,2.3514276,2.3514276,2.3514276,2.7866216,2.7866216,2.7866216,2.7866216,2.7426617,2.7426617,2.7426617,2.7426617,2.3015206,2.3015206,2.3015206,2.3015206,2.1313488,2.1313488,2.1313488,2.1313488,1.9368138,1.9368138,1.9368138,1.9368138,1.7978712,1.7978712,1.7978712,1.7978712,1.9180245,1.9180245,1.9180245,1.9180245,1.6102179,1.6102179,1.6102179,1.6102179,1.4957783,1.4957783,1.4957783,1.4957783,1.5817586,1.5817586,1.5817586,1.5817586
1.4568452,1.4568452,1.4568452,1.4568452,1.2010592,1.2010592,1.2010592,1.2010592,1.2183015,1.2183015,1.2183015,1.2183015,1.2783804,1.2783804,1.2783804,1.2783804,1.506024,1.506024,1.506024,1.506024,1.7258985,1.7258985,1.7258985,1.7258985,1.8187741,1.8187741,1.8187741,1.8187741,1.5736756,1.5736756,1.5736756,1.5736756,1.7354767,1.7354767,1.7354767,1.7354767,2.4215555,2.4215555,2.4215555,2.4215555,1.7337545,1.7337545,1.7337545,1.7337545,2.0680084,2.0680084,2.0680084,2.0680084,1.3682042,1.3682042,1.3682042,1.3682042,1.9005275,1.9005275,1.9005275,1.9005275,1.084945,1.084945,1.084945,1.084945,1.6679572,1.6679572,1.6679572,1.6679572,2.5707514,2.5707514,2.5707514,2.5707514,3.0,3.0,3.0,3.0,2.3622332,2.3622332,2.3622332,2.3622332,2.3514276,2.3514276,2.3514276,2.3514276,2.7866216,2.7866216,2.7866216,2.7866216,2.7426617,2.7426617,2.7426617,2.7426617,2.3015206,2.3015206,2.3015206,2.3015206,2.1313488,2.1313488,2.1313488,2.1313488,1.9368138,1.9368138,1.9368138,1.9368138,1.7978712,1.7978712,1.7978712,1.7978712,1.9180245,1.9180245,1.9180245,1.9180245,1.6102179,1.6102179,1.6102179,1.6102179,1.4957783,1.4957783,1.4957783,1.4957783,1.5817586,1.5817586,1.5817586,1.5817586
1.4568452,1.4568452,1.4568452,1.4568452,1.2010592,1.2010592,1.2010592,1.2010592,1.2183015,1.2183015,1.2183015,1.2183015,1.2783804,1.2783804,1.2783804,1.2783804,1.506024,1.506024,1.506024,1.506024,1.7258985,1.7258985,1.7258985,1.7258985,1.8187741,1.8187741,1.8187741,1.8187741,1.5736756,1.5736756,1.5736756,1.5736756,1.7354767,1.7354767,1.7354767,1.7354767,2.4215555,2.4215555,2.4215555,2.4215555,1.7337545,1.7337545,1.7337545,1.7337545,2.0680084,2.0680084,2.0680084,2.0680084,1.3682042,1.3682042,1.3682042,1.3682042,1.9005275,1.9005275,1.9005275,1.9005275,1.084945,1.084945,1.084945,1.084945,1.6679572,1.6679572,1.6679572,1.6679572,2.5707514,2.5707514,2.5707514,2.5707514,3.0,3.0,3.0,3.0,2.3622332,2.3622332,2.3622332,2.3622332,2.3514276,2.3514276,2.3514276,2.3514276,2.7866216,2.7866216,2.7866216,2.7866216,2.7426617,2.7426617,2.7426617,2.7426617,2.3015206,2.3015206,2.3015206,2.3015206,2.1313488,2.1313488,2.1313488,2.1313488,1.9368138,1.9368138,1.9368138,1.9368138,1.7978712,1.7978712,1.7978712,1.7978712,1.9180245,1.9180245,1.9180245,1.9180245,1.6102179,1.6102179,1.6102179,1.6102179,1.4957783,1.4957783,1.4957783,1.4957783,1.5817586,1.5817586,1.5817586,1.5817586
0.6,0.6,0.6,0.6,0.6,0.6,0.6,0.6,0.6,0.6,0.6,0.6,0.6,0.6,0.6,0.6,0.6,0.6,0.6,0.6,1.2049991,1.2049991,1.2049991,1.2049991,1.1164929,1.1164929,1.1164929,1.1164929,1.1231965,1.1231965,1.1231965,1.1231965,1.5066189,1.5066189,1.5066189,1.5066189,2.4219296,2.4219296,2.4219296,2.4219296,2.497882,2.497882,2.497882,2.497882,2.6555588,2.6555588,2.6555588,2.6555588,2.405641,2.405641,2.405641,2.405641,2.169803,2.169803,2.169803,2.169803,1.5643784,1.5643784,1.5643784,1.5643784,1.6740234,1.6740234,1.6740234,1.6740234,1.540907,1.540907,1.540907,1.540907,1.7854509,1.7854509,1.7854509,1.7854509,1.4392169,1.4392169,1.4392169,1.4392169,2.0549052,2.0549052,2.0549052,2.0549052,2.537986,2.537986,2.537986,2.537986,2.3857114,2.3857114,2.3857114,2.3857114,2.2636552,2.2636552,2.2636552,2.2636552,1.3752469,1.3752469,1.3752469,1.3752469,1.5553464,1.5553464,1.5553464,1.5553464,1.0473969,1.0473969,1.0473969,1.0473969,1.2749293,1.2749293,1.2749293,1.2749293,1.3595345,1.3595345,1.3595345,1.3595345,1.6539941,1.6539941,1.6539941,1.6539941,1.5724328,1.5724328,1.5724328,1.5724328
0.6,0.6,0.6,0.6,0.6,0.6,0.6,0.6,0.6,0.6,0.6,0.6,0.6,0.6,0.6,0.6,0.6,0.6,0.6,0.6,1.2049991,1.2049991,1.2049991,1.2049991,1.1164929,1.1164929,1.1164929,1.1164929,1.1231965,1.1231965,1.1231965,1.1231965,1.5066189,1.5066189,1.5066189,1.5066189,2.4219296,2.4219296,2.4219296,2.4219296,2.497882,2.497882,2.497882,2.497882,2.6555588,2.6555588,2.6555588,2.6555588,2.405641,2.405641,2.405641,2.405641,2.169803,2.169803,2.169803,2.169803,1.5643784,1.5643784,1.5643784,1.5643784,1.6740234,1.6740234,1.6740234,1.6740234,1.540907,1.540907,1.540907,1.540907,1.7854509,1.7854509,1.7854509,1.7854509,1.4392169,1.4392169,1.4392169,1.4392169,2.0549052,2.0549052,2.0549052,2.0549052,2.537986,2.537986,2.537986,2.537986,2.3857114,2.3857114,2.3857114,2.3857114,2.2636552,2.2636552,2.2636552,2.2636552,1.3752469,1.3752469,1.3752469,1.3752469,1.5553464,1.5553464,1.5553464,1.5553464,1.0473969,1.0473969,1.0473969,1.0473969,1.2749293,1.2749293,1.2749293,1.2749293,1.3595345,1.3595345,1.3595345,1.3595345,1.6539941,1.6539941,1.6539941,1.6539941,1.5724328,1.5724328,1.5724328,1.5724328
0.6,0.6,0.6,0.6,0.6,0.6,0.6,0.6,0.6,0.6,0.6,0.6,0.6,0.6,0.6,0.6,0.6,0.6,0.6,0.6,1.2049991,1.2049991,1.2049991,1.2049991,1.1164929,1.1164929,1.1164929,1.1164929,1.1231965,1.1231965,1.1231965,1.1231965,1.5066189,1.5066189,1.5066189,1.5066189,2.4219296,2.4219296,2.4219296,2.4219296,2.497882,2.497882,2.497882,2.497882,2.6555588,2.6555588,2.6555588,2.6555588,2.405641,2.405641,2.405641,2.405641,2.169803,2.169803,2.169803,2.169803,1.5643784,1.5643784,1.5643784,1.5643784,1.6740234,1.6740234,1.6740234,1.6740234,1.540907,1.540907,1.540907,1.540907,1.7854509,1.7854509,1.7854509,1.7854509,1.4392169,1.4392169,1.4392169,1.4392169,2.0549052,2.0549052,2.0549052,2.0549052,2.537986,2.537986,2.537986,2.537986,2.3857114,2.3857114,2.3857114,2.3857114,2.2636552,2.2636552,2.2636552,2.2636552,1.3752469,1.3752469,1.3752469,1.3752469,1.5553464,1.5553464,1.5553464,1.5553464,1.0473969,1.0473969,1.0473969,1.0473969,1.2749293,1.2749293,1.2749293,1.2749293,1.3595345,1.3595345,1.3595345,1.3595345,1.6539941,1.6539941,1.6539941,1.6539941,1.5724328,1.5724328,1.5724328,1.5724328
0.6,0.6,0.6,0.6,0.6,0.6,0.6,0.6,0.6,0.6,0.6,0.6,0.6,0.6,0.6,0.6,0.6,0.6,0.6,0.6,1.2049991,1.2049991,1.2049991,1.2049991,1.1164929,1.1164929,1.1164929,1.1164929,1.1231965,1.1231965,1.1231965,1.1231965,1.5066189,1.5066189,1.5066189,1.5066189,2.4219296,2.4219296,2.4219296,2.4219296,2.497882,2.497882,2.497882,2.497882,2.6555588,2.6555588,2.6555588,2.6555588,2.405641,2.405641,2.405641,2.405641,2.169803,2.169803,2.169803,2.169803,1.5643784,1.5643784,1.5643784,1.5643784,1.6740234,1.6740234,1.6740234,1.6740234,1.540907,1.540907,1.540907,1.540907,1.7854509,1.7854509,1.7854509,1.7854509,1.4392169,1.4392169,1.4392169,1.4392169,2.0549052,2.0549052,2.0549052,2.0549052,2.537986,2.537986,2.537986,2.537986,2.3857114,2.3857114,2.3857114,2.3857114,2.2636552,2.2636552,2.2636552,2.2636552,1.3752469,1.3752469,1.3752469,1.3752469,1.5553464,1.5553464,1.5553464,1.5553464,1.0473969,1.0473969,1.0473969,1.0473969,1.2749293,1.2749293,1.2749293,1.2749293,1.3595345,1.3595345,1.3595345,1.3595345,1.6539941,1.6539941,1.6539941,1.6539941,1.5724328,1.5724328,1.5724328,1.5724328
0.71969384,0.71969384,0.71969384,0.71969384,0.9014247,0.9014247,0.9014247,0.9014247,1.0088797,1.0088797,1.0088797,1.0088797,1.3691727,1.3691727,1.3691727,1.3691727,1.3328614,1.3328614,1.3328614,1.3328614,0.8280279,0.8280279,0.8280279,0.8280279,1.396192,1.396192,1.396192,1.396192,1.0632517,1.0632517,1.0632517,1.0632517,1.5211688,1.5211688,1.5211688,1.5211688,2.8979678,2.8979678,2.8979678,2.8979678,2.8604195,2.8604195,2.8604195,2.8604195,2.575096,2.575096,2.575096,2.575096,1.4852808,1.4852808,1.4852808,1.4852808,1.5702554,1.5702554,1.5702554,1.5702554,1.4742471,1.4742471,1.4742471,1.4742471,2.4943132,2.4943132,2.4943132,2.4943132,1.4521656,1.4521656,1.4521656,1.4521656,1.8521419,1.8521419,1.8521419,1.8521419,1.3695377,1.3695377,1.3695377,1.3695377,1.4377956,1.4377956,1.4377956,1.4377956,1.9347212,1.9347212,1.9347212,1.9347212,2.2816935,2.2816935,2.2816935,2.2816935,1.9363316,1.9363316,1.9363316,1.9363316,1.3062193,1.3062193,1.3062193,1.3062193,1.7967699,1.7967699,1.7967699,1.7967699,1.6901006,1.6901006,1.6901006,1.6901006,1.8658204,1.8658204,1.8658204,1.8658204,1.7489387,1.7489387,1.7489387,1.7489387,1.5081729,1.5081729,1.5081729,1.5081729,1.6920333,1.6920333,1.6920333,1.6920333
0.71969384,0.71969384,0.71969384,0.71969384,0.9014247,0.9014247,0.9014247,0.9014247,1.0088797,1.0088797,1.0088797,1.0088797,1.3691727,1.3691727,1.3691727,1.3691727,1.3328614,1.3328614,1.3328614,1.3328614,0.8280279,0.8280279,0.8280279,0.8280279,1.396192,1.396192,1.396192,1.396192,1.0632517,1.0632517,1.0632517,1.0632517,1.5211688,1.5211688,1.5211688,1.5211688,2.8979678,2.8979678,2.8979678,2.8979678,2.8604195,2.8604195,2.8604195,2.8604195,2.575096,2.575096,2.575096,2.575096,1.4852808,1.4852808,1.4852808,1.4852808,1.5702554,1.5702554,1.5702554,1.5702554,1.4742471,1.4742471,1.4742471,1.4742471,2.4943132,2.4943132,2.4943132,2.4943132,1.4521656,1.4521656,1.4521656,1.4521656,1.8521419,1.8521419,1.8521419,1.8521419,1.3695377,1.3695377,1.3695377,1.3695377,1.4377956,1.4377956,1.4377956,1.4377956,1.9347212,1.9347212,1.9347212,1.9347212,2.2816935,2.2816935,2.2816935,2.2816935,1.9363316,1.9363316,1.9363316,1.9363316,1.3062193,1.3062193,1.3062193,1.3062193,1.7967699,1.7967699,1.7967699,1.7967699,1.6901006,1.6901006,1.6901006,1.6901006,1.8658204,1.8658204,1.8658204,1.8658204,1.7489387,1.7489387,1.7489387,1.7489387,1.5081729,1.5081729,1.5081729,1.5081729,1.6920333,1.6920333,1.6920333,1.6920333
0.71969384,0.71969384,0.71969384,0.71969384,0.9014247,0.9014247,0.9014247,0.9014247,1.0088797,1.0088797,1.0088797,1.0088797,1.3691727,1.3691727,1.3691727,1.3691727,1.3328614,1.3328614,1.3328614,1.3328614,0.8280279,0.8280279,0.8280279,0.8280279,1.396192,1.396192,1.396192,1.396192,1.0632517,1.0632517,1.0632517,1.0632517,1.5211688,1.5211688,1.5211688,1.5211688,2.8979678,2.8979678,2.8979678,2.8979678,2.8604195,2.8604195,2.8604195,2.8604195,2.575096,2.575096,2.575096,2.575096,1.4852808,1.4852808,1.4852808,1.4852808,1.5702554,1.5702554,1.5702554,1.5702554,1.4742471,1.4742471,1.4742471,1.4742471,2.4943132,2.4943132,2.4943132,2.4943132,1.4521656,1.4521656,1.4521656,1.4521656,1.8521419,1.8521419,1.8521419,1.8521419,1.3695377,1.3695377,1.3695377,1.3695377,1.4377956,1.4377956,1.4377956,1.4377956,1.9347212,1.9347212,1.9347212,1.9347212,2.2816935,2.2816935,2.2816935,2.2816935,1.9363316,1.9363316,1.9363316,1.9363316,1.3062193,1.3062193,1.3062193,1.3062193,1.7967699,1.7967699,1.7967699,1.7967699,1.6901006,1.6901006,1.6901006,1.6901006,1.8658204,1.8658204,1.8658204,1.8658204,1.7489387,1.7489387,1.7489387,1.7489387,1.5081729,1.5081729,1.5081729,1.5081729,1.6920333,1.6920333,1.6920333,1.6920333
0.71969384,0.71969384,0.71969384,0.71969384,0.9014247,0.9014247,0.9014247,0.9014247,1.0088797,1.0088797,1.0088797,1.0088797,1.3691727,1.3691727,1.3691727,1.3691727,1.3328614,1.3328614,1.3328614,1.3328614,0.8280279,0.8280279,0.8280279,0.8280279,1.396192,1.396192,1.396192,1.396192,1.0632517,1.0632517,1.0632517,1.0632517,1.5211688,1.5211688,1.5211688,1.5211688,2.8979678,2.8979678,2.8979678,2.8979678,2.8604195,2.8604195,2.8604195,2.8604195,2.575096,2.575096,2.575096,2.575096,1.4852808,1.4852808,1.4852808,1.4852808,1.5702554,1.5702554,1.5702554,1.5702554,1.4742471,1.4742471,1.4742471,1.4742471,2.4943132,2.4943132,2.4943132,2.4943132,1.4521656,1.4521656,1.4521656,1.4521656,1.8521419,1.8521419,1.8521419,1.8521419,1.3695377,1.3695377,1.3695377,1.3695377,1.4377956,1.4377956,1.4377956,1.4377956,1.9347212,1.9347212,1.9347212,1.9347212,2.2816935,2.2816935,2.2816935,2.2816935,1.9363316,1.9363316,1.9363316,1.9363316,1.3062193,1.3062193,1.3062193,1.3062193,1.7967699,1.7967699,1.7967699,1.7967699,1.6901006,1.6901006,1.6901006,1.6901006,1.8658204,1.8658204,1.8658204,1.8658204,1.7489387,1.7489387,1.7489387,1.7489387,1.5081729,1.5081729,1.5081729,1.5081729,1.6920333,1.6920333,1.6920333,1.6920333
