0.6,0.6,0.6,0.6,0.6,0.6,0.6,0.6,0.6,0.6,0.6,0.6,0.6,0.6,0.6,0.6,0.6,0.6,0.6,0.6,0.6,0.6,0.6,0.6,0.6,0.6,0.6,0.6,0.6,0.6,0.6,0.6,0.6,0.6,0.6,0.6,0.6,0.6,0.6,0.6,0.6,0.6,0.6,0.6,0.6,0.6,0.6,0.6,0.6,0.6,0.6,0.6,0.6,0.6,0.6,0.6,0.6,0.6,0.6,0.6,0.6,0.6,0.6,0.6,0.6,0.6,0.6,0.6,0.6,0.6,0.6,0.6,0.6,0.6,0.6,0.6,0.6,0.6,0.6,0.6,0.6,0.6,0.6,0.6,0.6,0.6,0.6,0.6,0.6,0.6,0.6,0.6,0.6,0.6,0.6,0.6,0.6,0.6,0.6,0.6,0.6,0.6,0.6,0.6,0.6,0.6,0.6,0.6,0.6,0.6,0.6,0.6,0.6,0.6,0.6,0.6,0.6,0.6,0.6,0.6
0.6,0.6,0.6,0.6,0.6,0.6,0.6,0.6,0.6,0.6,0.6,0.6,0.6,0.6,0.6,0.6,0.6,0.6,0.6,0.6,0.6,0.6,0.6,0.6,0.6,0.6,0.6,0.6,0.6,0.6,0.6,0.6,0.6,0.6,0.6,0.6,0.6,0.6,0.6,0.6,0.6,0.6,0.6,0.6,0.6,0.6,0.6,0.6,0.6,0.6,0.6,0.6,0.6,0.6,0.6,0.6,0.6,0.6,0.6,0.6,0.6,0.6,0.6,0.6,0.6,0.6,0.6,0.6,0.6,0.6,0.6,0.6,0.6,0.6,0.6,0.6,0.6,0.6,0.6,0.6,0.6,0.6,0.6,0.6,0.6,0.6,0.6,0.6,0.6,0.6,0.6,0.6,0.6,0.6,0.6,0.6,0.6,0.6,0.6,0.6,0.6,0.6,0.6,0.6,0.6,0.6,0.6,0.6,0.6,0.6,0.6,0.6,0.6,0.6,0.6,0.6,0.6,0.6,0.6,0.6
0.6,0.6,0.6,0.6,0.6,0.6,0.6,0.6,0.6,0.6,0.6,0.6,0.6,0.6,0.6,0.6,0.6,0.6,0.6,0.6,0.6,0.6,0.6,0.6,0.6,0.6,0.6,0.6,0.6,0.6,0.6,0.6,0.6,0.6,0.6,0.6,0.6,0.6,0.6,0.6,0.6,0.6,0.6,0.6,0.6,0.6,0.6,0.6,0.6,0.6,0.6,0.6,0.6,0.6,0.6,0.6,0.6,0.6,0.6,0.6,0.6,0.6,0.6,0.6,0.6,0.6,0.6,0.6,0.6,0.6,0.6,0.6,0.6,0.6,0.6,0.6,0.6,0.6,0.6,0.6,0.6,0.6,0.6,0.6,0.6,0.6,0.6,0.6,0.6,0.6,0.6,0.6,0.6,0.6,0.6,0.6,0.6,0.6,0.6,0.6,0.6,0.6,0.6,0.6,0.6,0.6,0.6,0.6,0.6,0.6,0.6,0.6,0.6,0.6,0.6,0.6,0.6,0.6,0.6,0.6
0.6,0.6,0.6,0.6,0.6,0.6,0.6,0.6,0.6,0.6,0.6,0.6,0.6,0.6,0.6,0.6,0.6,0.6,0.6,0.6,0.6,0.6,0.6,0.6,0.6,0.6,0.6,0.6,0.6,0.6,0.6,0.6,0.6,0.6,0.6,0.6,0.6,0.6,0.6,0.6,0.6,0.6,0.6,0.6,0.6,0.6,0.6,0.6,0.6,0.6,0.6,0.6,0.6,0.6,0.6,0.6,0.6,0.6,0.6,0.6,0.6,0.6,0.6,0.6,0.6,0.6,0.6,0.6,0.6,0.6,0.6,0.6,0.6,0.6,0.6,0.6,0.6,0.6,0.6,0.6,0.6,0.6,0.6,0.6,0.6,0.6,0.6,0.6,0.6,0.6,0.6,0.6,0.6,0.6,0.6,0.6,0.6,0.6,0.6,0.6,0.6,0.6,0.6,0.6,0.6,0.6,0.6,0.6,0.6,0.6,0.6,0.6,0.6,0.6,0.6,0.6,0.6,0.6,0.6,0.6
0.6,0.6,0.6,0.6,0.6,0.6,0.6,0.6,0.6,0.6,0.6,0.6,0.6,0.6,0.6,0.6,0.6,0.6,0.6,0.6,0.6,0.6,0.6,0.6,0.6,0.6,0.6,0.6,0.6,0.6,0.6,0.6,0.6,0.6,0.6,0.6,0.6,0.6,0.6,0.6,0.6,0.6,0.6,0.6,0.6,0.6,0.6,0.6,0.6,0.6,0.6,0.6,0.6,0.6,0.6,0.6,0.6,0.6,0.6,0.6,0.6,0.6,0.6,0.6,0.6,0.6,0.6,0.6,0.6,0.6,0.6,0.6,0.6,0.6,0.6,0.6,0.6,0.6,0.6,0.6,0.6,0.6,0.6,0.6,0.6,0.6,0.6,0.6,0.6,0.6,0.6,0.6,0.6,0.6,0.6,0.6,0.6,0.6,0.6,0.6,0.6,0.6,0.6,0.6,0.6,0.6,0.6,0.6,0.6,0.6,0.6,0.6,0.6,0.6,0.6,0.6,0.6,0.6,0.6,0.6
0.6,0.6,0.6,0.6,0.6,0.6,0.6,0.6,0.6,0.6,0.6,0.6,0.6,0.6,0.6,0.6,0.6,0.6,0.6,0.6,0.6,0.6,0.6,0.6,0.6,0.6,0.6,0.6,0.6,0.6,0.6,0.6,0.6,0.6,0.6,0.6,0.6,0.6,0.6,0.6,0.6,0.6,0.6,0.6,0.6,0.6,0.6,0.6,0.6,0.6,0.6,0.6,0.6,0.6,0.6,0.6,0.6,0.6,0.6,0.6,0.6,0.6,0.6,0.6,0.6,0.6,0.6,0.6,0.6,0.6,0.6,0.6,0.6,0.6,0.6,0.6,0.6,0.6,0.6,0.6,0.6,0.6,0.6,0.6,0.6,0.6,0.6,0.6,0.6,0.6,0.6,0.6,0.6,0.6,0.6,0.6,0.6,0.6,0.6,0.6,0.6,0.6,0.6,0.6,0.6,0.6,0.6,0.6,0.6,0.6,0.6,0.6,0.6,0.6,0.6,0.6,0.6,0.6,0.6,0.6
0.6,0.6,0.6,0.6,0.6,0.6,0.6,0.6,0.6,0.6,0.6,0.6,0.6,0.6,0.6,0.6,0.6,0.6,0.6,0.6,0.6,0.6,0.6,0.6,0.6,0.6,0.6,0.6,0.6,0.6,0.6,0.6,0.6,0.6,0.6,0.6,0.6,0.6,0.6,0.6,0.6,0.6,0.6,0.6,0.6,0.6,0.6,0.6,0.6,0.6,0.6,0.6,0.6,0.6,0.6,0.6,0.6,0.6,0.6,0.6,0.6,0.6,0.6,0.6,0.6,0.6,0.6,0.6,0.6,0.6,0.6,0.6,0.6,0.6,0.6,0.6,0.6,0.6,0.6,0.6,0.6,0.6,0.6,0.6,0.6,0.6,0.6,0.6,0.6,0.6,0.6,0.6,0.6,0.6,0.6,0.6,0.6,0.6,0.6,0.6,0.6,0.6,0.6,0.6,0.6,0.6,0.6,0.6,0.6,0.6,0.6,0.6,0.6,0.6,0.6,0.6,0.6,0.6,0.6,0.6
0.6,0.6,0.6,0.6,0.6,0.6,0.6,0.6,0.6,0.6,0.6,0.6,0.6,0.6,0.6,0.6,0.6,0.6,0.6,0.6,0.6,0.6,0.6,0.6,0.6,0.6,0.6,0.6,0.6,0.6,0.6,0.6,0.6,0.6,0.6,0.6,0.6,0.6,0.6,0.6,0.6,0.6,0.6,0.6,0.6,0.6,0.6,0.6,0.6,0.6,0.6,0.6,0.6,0.6,0.6,0.6,0.6,0.6,0.6,0.6,0.6,0.6,0.6,0.6,0.6,0.6,0.6,0.6,0.6,0.6,0.6,0.6,0.6,0.6,0.6,0.6,0.6,0.6,0.6,0.6,0.6,0.6,0.6,0.6,0.6,0.6,0.6,0.6,0.6,0.6,0.6,0.6,0.6,0.6,0.6,0.6,0.6,0.6,0.6,0.6,0.6,0.6,0.6,0.6,0.6,0.6,0.6,0.6,0.6,0.6,0.6,0.6,0.6,0.6,0.6,0.6,0.6,0.6,0.6,0.6
0.6,0.6,0.6,0.6,0.6,0.6,0.6,0.6,0.6,0.6,0.6,0.6,0.6,0.6,0.6,0.6,0.6,0.6,0.6,0.6,0.6,0.6,0.6,0.6,0.6,0.6,0.6,0.6,0.6,0.6,0.6,0.6,0.6,0.6,0.6,0.6,0.6,0.6,0.6,0.6,0.6,0.6,0.6,0.6,0.6,0.6,0.6,0.6,0.6,0.6,0.6,0.6,0.6,0.6,0.6,0.6,0.6,0.6,0.6,0.6,0.6,0.6,0.6,0.6,0.6,0.6,0.6,0.6,0.6,0.6,0.6,0.6,0.6,0.6,0.6,0.6,0.6,0.6,0.6,0.6,0.6,0.6,0.6,0.6,0.6,0.6,0.6,0.6,0.6,0.6,0.6,0.6,0.6,0.6,0.6,0.6,0.6,0.6,0.6,0.6,0.6,0.6,0.6,0.6,0.6,0.6,0.6,0.6,0.6,0.6,0.6,0.6,0.6,0.6,0.6,0.6,0.6,0.6,0.6,0.6
0.6,0.6,0.6,0.6,0.6,0.6,0.6,0.6,0.6,0.6,0.6,0.6,0.6,0.6,0.6,0.6,0.6,0.6,0.6,0.6,0.6,0.6,0.6,0.6,0.6,0.6,0.6,0.6,0.6,0.6,0.6,0.6,0.6,0.6,0.6,0.6,0.6,0.6,0.6,0.6,0.6,0.6,0.6,0.6,0.6,0.6,0.6,0.6,0.6,0.6,0.6,0.6,0.6,0.6,0.6,0.6,0.6,0.6,0.6,0.6,0.6,0.6,0.6,0.6,0.6,0.6,0.6,0.6,0.6,0.6,0.6,0.6,0.6,0.6,0.6,0.6,0.6,0.6,0.6,0.6,0.6,0.6,0.6,0.6,0.6,0.6,0.6,0.6,0.6,0.6,0.6,0.6,0.6,0.6,0.6,0.6,0.6,0.6,0.6,0.6,0.6,0.6,0.6,0.6,0.6,0.6,0.6,0.6,0.6,0.6,0.6,0.6,0.6,0.6,0.6,0.6,0.6,0.6,0.6,0.6
0.6,0.6,0.6,0.6,0.6,0.6,0.6,0.6,0.6,0.6,0.6,0.6,0.6,0.6,0.6,0.6,0.6,0.6,0.6,0.6,0.6,0.6,0.6,0.6,0.6,0.6,0.6,0.6,0.6,0.6,0.6,0.6,0.6,0.6,0.6,0.6,0.6,0.6,0.6,0.6,0.6,0.6,0.6,0.6,0.6,0.6,0.6,0.6,0.6,0.6,0.6,0.6,0.6,0.6,0.6,0.6,0.6,0.6,0.6,0.6,0.6,0.6,0.6,0.6,0.6,0.6,0.6,0.6,0.6,0.6,0.6,0.6,0.6,0.6,0.6,0.6,0.6,0.6,0.6,0.6,0.6,0.6,0.6,0.6,0.6,0.6,0.6,0.6,0.6,0.6,0.6,0.6,0.6,0.6,0.6,0.6,0.6,0.6,0.6,0.6,0.6,0.6,0.6,0.6,0.6,0.6,0.6,0.6,0.6,0.6,0.6,0.6,0.6,0.6,0.6,0.6,0.6,0.6,0.6,0.6
0.6,0.6,0.6,0.6,0.6,0.6,0.6,0.6,0.6,0.6,0.6,0.6,0.6,0.6,0.6,0.6,0.6,0.6,0.6,0.6,0.6,0.6,0.6,0.6,0.6,0.6,0.6,0.6,0.6,0.6,0.6,0.6,0.6,0.6,0.6,0.6,0.6,0.6,0.6,0.6,0.6,0.6,0.6,0.6,0.6,0.6,0.6,0.6,0.6,0.6,0.6,0.6,0.6,0.6,0.6,0.6,0.6,0.6,0.6,0.6,0.6,0.6,0.6,0.6,0.6,0.6,0.6,0.6,0.6,0.6,0.6,0.6,0.6,0.6,0.6,0.6,0.6,0.6,0.6,0.6,0.6,0.6,0.6,0.6,0.6,0.6,0.6,0.6,0.6,0.6,0.6,0.6,0.6,0.6,0.6,0.6,0.6,0.6,0.6,0.6,0.6,0.6,0.6,0.6,0.6,0.6,0.6,0.6,0.6,0.6,0.6,0.6,0.6,0.6,0.6,0.6,0.6,0.6,0.6,0.6
0.6,0.6,0.6,0.6,0.6,0.6,0.6,0.6,0.6,0.6,0.6,0.6,0.6,0.6,0.6,0.6,0.6,0.6,0.6,0.6,0.6,0.6,0.6,0.6,0.6,0.6,0.6,0.6,0.6,0.6,0.6,0.6,0.6,0.6,0.6,0.6,0.6,0.6,0.6,0.6,0.6,0.6,0.6,0.6,0.6,0.6,0.6,0.6,0.6,0.6,0.6,0.6,0.6,0.6,0.6,0.6,0.6,0.6,0.6,0.6,0.6,0.6,0.6,0.6,0.6,0.6,0.6,0.6,0.6,0.6,0.6,0.6,0.6,0.6,0.6,0.6,0.6,0.6,0.6,0.6,0.6,0.6,0.6,0.6,0.6,0.6,0.6,0.6,0.6,0.6,0.6,0.6,0.6,0.6,0.6,0.6,0.6,0.6,0.6,0.6,0.6,0.6,0.6,0.6,0.6,0.6,0.6,0.6,0.6,0.6,0.6,0.6,0.6,0.6,0.6,0.6,0.6,0.6,0.6,0.6
0.6,0.6,0.6,0.6,0.6,0.6,0.6,0.6,0.6,0.6,0.6,0.6,0.6,0.6,0.6,0.6,0.6,0.6,0.6,0.6,0.6,0.6,0.6,0.6,0.6,0.6,0.6,0.6,0.6,0.6,0.6,0.6,0.6,0.6,0.6,0.6,0.6,0.6,0.6,0.6,0.6,0.6,0.6,0.6,0.6,0.6,0.6,0.6,0.6,0.6,0.6,0.6,0.6,0.6,0.6,0.6,0.6,0.6,0.6,0.6,0.6,0.6,0.6,0.6,0.6,0.6,0.6,0.6,0.6,0.6,0.6,0.6,0.6,0.6,0.6,0.6,0.6,0.6,0.6,0.6,0.6,0.6,0.6,0.6,0.6,0.6,0.6,0.6,0.6,0.6,0.6,0.6,0.6,0.6,0.6,0.6,0.6,0.6,0.6,0.6,0.6,0.6,0.6,0.6,0.6,0.6,0.6,0.6,0.6,0.6,0.6,0.6,0.6,0.6,0.6,0.6,0.6,0.6,0.6,0.6
0.6,0.6,0.6,0.6,0.6,0.6,0.6,0.6,0.6,0.6,0.6,0.6,0.6,0.6,0.6,0.6,0.6,0.6,0.6,0.6,0.6,0.6,0.6,0.6,0.6,0.6,0.6,0.6,0.6,0.6,0.6,0.6,0.6,0.6,0.6,0.6,0.6,0.6,0.6,0.6,0.6,0.6,0.6,0.6,0.6,0.6,0.6,0.6,0.6,0.6,0.6,0.6,0.6,0.6,0.6,0.6,0.6,0.6,0.6,0.6,0.6,0.6,0.6,0.6,0.6,0.6,0.6,0.6,0.6,0.6,0.6,0.6,0.6,0.6,0.6,0.6,0.6,0.6,0.6,0.6,0.6,0.6,0.6,0.6,0.6,0.6,0.6,0.6,0.6,0.6,0.6,0.6,0.6,0.6,0.6,0.6,0.6,0.6,0.6,0.6,0.6,0.6,0.6,0.6,0.6,0.6,0.6,0.6,0.6,0.6,0.6,0.6,0.6,0.6,0.6,0.6,0.6,0.6,0.6,0.6
0.6,0.6,0.6,0.6,0.6,0.6,0.6,0.6,0.6,0.6,0.6,0.6,0.6,0.6,0.6,0.6,0.6,0.6,0.6,0.6,0.6,0.6,0.6,0.6,0.6,0.6,0.6,0.6,0.6,0.6,0.6,0.6,0.6,0.6,0.6,0.6,0.6,0.6,0.6,0.6,0.6,0.6,0.6,0.6,0.6,0.6,0.6,0.6,0.6,0.6,0.6,0.6,0.6,0.6,0.6,0.6,0.6,0.6,0.6,0.6,0.6,0.6,0.6,0.6,0.6,0.6,0.6,0.6,0.6,0.6,0.6,0.6,0.6,0.6,0.6,0.6,0.6,0.6,0.6,0.6,0.6,0.6,0.6,0.6,0.6,0.6,0.6,0.6,0.6,0.6,0.6,0.6,0.6,0.6,0.6,0.6,0.6,0.6,0.6,0.6,0.6,0.6,0.6,0.6,0.6,0.6,0.6,0.6,0.6,0.6,0.6,0.6,0.6,0.6,0.6,0.6,0.6,0.6,0.6,0.6
0.6,0.6,0.6,0.6,0.6,0.6,0.6,0.6,0.6,0.6,0.6,0.6,0.6,0.6,0.6,0.6,0.6,0.6,0.6,0.6,0.6,0.6,0.6,0.6,0.6,0.6,0.6,0.6,0.6,0.6,0.6,0.6,0.6,0.6,0.6,0.6,0.6,0.6,0.6,0.6,0.6,0.6,0.6,0.6,0.6,0.6,0.6,0.6,0.6,0.6,0.6,0.6,0.6,0.6,0.6,0.6,0.6,0.6,0.6,0.6,0.6,0.6,0.6,0.6,1.0659684,1.0659684,1.0659684,1.0659684,0.6,0.6,0.6,0.6,0.6,0.6,0.6,0.6,0.6,0.6,0.6,0.6,0.6,0.6,0.6,0.6,0.6,0.6,0.6,0.6,0.6,0.6,0.6,0.6,0.6,0.6,0.6,0.6,0.6,0.6,0.6,0.6,0.6,0.6,0.6,0.6,0.6,0.6,0.6,0.6,0.6,0.6,0.6,0.6,0.6,0.6,0.6,0.6,0.6,0.6,0.6,0.6
0.6,0.6,0.6,0.6,0.6,0.6,0.6,0.6,0.6,0.6,0.6,0.6,0.6,0.6,0.6,0.6,0.6,0.6,0.6,0.6,0.6,0.6,0.6,0.6,0.6,0.6,0.6,0.6,0.6,0.6,0.6,0.6,0.6,0.6,0.6,0.6,0.6,0.6,0.6,0.6,0.6,0.6,0.6,0.6,0.6,0.6,0.6,0.6,0.6,0.6,0.6,0.6,0.6,0.6,0.6,0.6,0.6,0.6,0.6,0.6,0.6,0.6,0.6,0.6,1.0659684,1.0659684,1.0659684,1.0659684,0.6,0.6,0.6,0.6,0.6,0.6,0.6,0.6,0.6,0.6,0.6,0.6,0.6,0.6,0.6,0.6,0.6,0.6,0.6,0.6,0.6,0.6,0.6,0.6,0.6,0.6,0.6,0.6,0.6,0.6,0.6,0.6,0.6,0.6,0.6,0.6,0.6,0.6,0.6,0.6,0.6,0.6,0.6,0.6,0.6,0.6,0.6,0.6,0.6,0.6,0.6,0.6
0.6,0.6,0.6,0.6,0.6,0.6,0.6,0.6,0.6,0.6,0.6,0.6,0.6,0.6,0.6,0.6,0.6,0.6,0.6,0.6,0.6,0.6,0.6,0.6,0.6,0.6,0.6,0.6,0.6,0.6,0.6,0.6,0.6,0.6,0.6,0.6,0.6,0.6,0.6,0.6,0.6,0.6,0.6,0.6,0.6,0.6,0.6,0.6,0.6,0.6,0.6,0.6,0.6,0.6,0.6,0.6,0.6,0.6,0.6,0.6,0.6,0.6,0.6,0.6,1.0659684,1.0659684,1.0659684,1.0659684,0.6,0.6,0.6,0.6,0.6,0.6,0.6,0.6,0.6,0.6,0.6,0.6,0.6,0.6,0.6,0.6,0.6,0.6,0.6,0.6,0.6,0.6,0.6,0.6,0.6,0.6,0.6,0.6,0.6,0.6,0.6,0.6,0.6,0.6,0.6,0.6,0.6,0.6,0.6,0.6,0.6,0.6,0.6,0.6,0.6,0.6,0.6,0.6,0.6,0.6,0.6,0.6
0.6,0.6,0.6,0.6,0.6,0.6,0.6,0.6,0.6,0.6,0.6,0.6,0.6,0.6,0.6,0.6,0.6,0.6,0.6,0.6,0.6,0.6,0.6,0.6,0.6,0.6,0.6,0.6,0.6,0.6,0.6,0.6,0.6,0.6,0.6,0.6,0.6,0.6,0.6,0.6,0.6,0.6,0.6,0.6,0.6,0.6,0.6,0.6,0.6,0.6,0.6,0.6,0.6,0.6,0.6,0.6,0.6,0.6,0.6,0.6,0.6,0.6,0.6,0.6,1.0659684,1.0659684,1.0659684,1.0659684,0.6,0.6,0.6,0.6,0.6,0.6,0.6,0.6,0.6,0.6,0.6,0.6,0.6,0.6,0.6,0.6,0.6,0.6,0.6,0.6,0.6,0.6,0.6,0.6,0.6,0.6,0.6,0.6,0.6,0.6,0.6,0.6,0.6,0.6,0.6,0.6,0.6,0.6,0.6,0.6,0.6,0.6,0.6,0.6,0.6,0.6,0.6,0.6,0.6,0.6,0.6,0.6
0.6,0.6,0.6,0.6,0.6,0.6,0.6,0.6,0.6,0.6,0.6,0.6,0.6,0.6,0.6,0.6,0.6,0.6,0.6,0.6,0.6,0.6,0.6,0.6,0.6,0.6,0.6,0.6,0.6,0.6,0.6,0.6,0.6,0.6,0.6,0.6,0.6,0.6,0.6,0.6,0.6,0.6,0.6,0.6,0.6,0.6,0.6,0.6,0.6,0.6,0.6,0.6,0.6,0.6,0.6,0.6,0.6,0.6,0.6,0.6,0.74682283,0.74682283,0.74682283,0.74682283,1.1310939,1.1310939,1.1310939,1.1310939,0.6,0.6,0.6,0.6,0.6,0.6,0.6,0.6,0.6,0.6,0.6,0.6,0.6,0.6,0.6,0.6,0.6,0.6,0.6,0.6,0.6,0.6,0.6,0.6,0.6,0.6,0.6,0.6,0.6,0.6,0.6,0.6,0.6,0.6,0.6,0.6,0.6,0.6,0.6,0.6,0.6,0.6,0.6,0.6,0.6,0.6,0.6,0.6,0.6,0.6,0.6,0.6
0.6,0.6,0.6,0.6,0.6,0.6,0.6,0.6,0.6,0.6,0.6,0.6,0.6,0.6,0.6,0.6,0.6,0.6,0.6,0.6,0.6,0.6,0.6,0.6,0.6,0.6,0.6,0.6,0.6,0.6,0.6,0.6,0.6,0.6,0.6,0.6,0.6,0.6,0.6,0.6,0.6,0.6,0.6,0.6,0.6,0.6,0.6,0.6,0.6,0.6,0.6,0.6,0.6,0.6,0.6,0.6,0.6,0.6,0.6,0.6,0.74682283,0.74682283,0.74682283,0.74682283,1.1310939,1.1310939,1.1310939,1.1310939,0.6,0.6,0.6,0.6,0.6,0.6,0.6,0.6,0.6,0.6,0.6,0.6,0.6,0.6,0.6,0.6,0.6,0.6,0.6,0.6,0.6,0.6,0.6,0.6,0.6,0.6,0.6,0.6,0.6,0.6,0.6,0.6,0.6,0.6,0.6,0.6,0.6,0.6,0.6,0.6,0.6,0.6,0.6,0.6,0.6,0.6,0.6,0.6,0.6,0.6,0.6,0.6
0.6,0.6,0.6,0.6,0.6,0.6,0.6,0.6,0.6,0.6,0.6,0.6,0.6,0.6,0.6,0.6,0.6,0.6,0.6,0.6,0.6,0.6,0.6,0.6,0.6,0.6,0.6,0.6,0.6,0.6,0.6,0.6,0.6,0.6,0.6,0.6,0.6,0.6,0.6,0.6,0.6,0.6,0.6,0.6,0.6,0.6,0.6,0.6,0.6,0.6,0.6,0.6,0.6,0.6,0.6,0.6,0.6,0.6,0.6,0.6,0.74682283,0.74682283,0.74682283,0.74682283,1.1310939,1.1310939,1.1310939,1.1310939,0.6,0.6,0.6,0.6,0.6,0.6,0.6,0.6,0.6,0.6,0.6,0.6,0.6,0.6,0.6,0.6,0.6,0.6,0.6,0.6,0.6,0.6,0.6,0.6,0.6,0.6,0.6,0.6,0.6,0.6,0.6,0.6,0.6,0.6,0.6,0.6,0.6,0.6,0.6,0.6,0.6,0.6,0.6,0.6,0.6,0.6,0.6,0.6,0.6,0.6,0.6,0.6
0.6,0.6,0.6,0.6,0.6,0.6,0.6,0.6,0.6,0.6,0.6,0.6,0.6,0.6,0.6,0.6,0.6,0.6,0.6,0.6,0.6,0.6,0.6,0.6,0.6,0.6,0.6,0.6,0.6,0.6,0.6,0.6,0.6,0.6,0.6,0.6,0.6,0.6,0.6,0.6,0.6,0.6,0.6,0.6,0.6,0.6,0.6,0.6,0.6,0.6,0.6,0.6,0.6,0.6,0.6,0.6,0.6,0.6,0.6,0.6,0.74682283,0.74682283,0.74682283,0.74682283,1.1310939,1.1310939,1.1310939,1.1310939,0.6,0.6,0.6,0.6,0.6,0.6,0.6,0.6,0.6,0.6,0.6,0.6,0.6,0.6,0.6,0.6,0.6,0.6,0.6,0.6,0.6,0.6,0.6,0.6,0.6,0.6,0.6,0.6,0.6,0.6,0.6,0.6,0.6,0.6,0.6,0.6,0.6,0.6,0.6,0.6,0.6,0.6,0.6,0.6,0.6,0.6,0.6,0.6,0.6,0.6,0.6,0.6
0.6,0.6,0.6,0.6,0.6,0.6,0.6,0.6,0.7117147,0.7117147,0.7117147,0.7117147,0.9553045,0.9553045,0.9553045,0.9553045,0.6,0.6,0.6,0.6,0.6,0.6,0.6,0.6,0.6,0.6,0.6,0.6,0.6,0.6,0.6,0.6,0.6,0.6,0.6,0.6,0.6,0.6,0.6,0.6,1.1556898,1.1556898,1.1556898,1.1556898,0.6,0.6,0.6,0.6,1.3759881,1.3759881,1.3759881,1.3759881,0.9584752,0.9584752,0.9584752,0.9584752,0.79602915,0.79602915,0.79602915,0.79602915,1.4183372,1.4183372,1.4183372,1.4183372,1.4594603,1.4594603,1.4594603,1.4594603,0.7032372,0.7032372,0.7032372,0.7032372,0.6,0.6,0.6,0.6,0.6,0.6,0.6,0.6,0.6,0.6,0.6,0.6,0.6,0.6,0.6,0.6,0.6,0.6,0.6,0.6,0.6,0.6,0.6,0.6,0.6,0.6,0.6,0.6,0.6,0.6,0.6,0.6,0.6,0.6,0.6,0.6,0.6,0.6,0.6,0.6,0.6,0.6,0.6,0.6,0.6,0.6,0.6,0.6
0.6,0.6,0.6,0.6,0.6,0.6,0.6,0.6,0.7117147,0.7117147,0.7117147,0.7117147,0.9553045,0.9553045,0.9553045,0.9553045,0.6,0.6,0.6,0.6,0.6,0.6,0.6,0.6,0.6,0.6,0.6,0.6,0.6,0.6,0.6,0.6,0.6,0.6,0.6,0.6,0.6,0.6,0.6,0.6,1.1556898,1.1556898,1.1556898,1.1556898,0.6,0.6,0.6,0.6,1.3759881,1.3759881,1.3759881,1.3759881,0.9584752,0.9584752,0.9584752,0.9584752,0.79602915,0.79602915,0.79602915,0.79602915,1.4183372,1.4183372,1.4183372,1.4183372,1.4594603,1.4594603,1.4594603,1.4594603,0.7032372,0.7032372,0.7032372,0.7032372,0.6,0.6,0.6,0.6,0.6,0.6,0.6,0.6,0.6,0.6,0.6,0.6,0.6,0.6,0.6,0.6,0.6,0.6,0.6,0.6,0.6,0.6,0.6,0.6,0.6,0.6,0.6,0.6,0.6,0.6,0.6,0.6,0.6,0.6,0.6,0.6,0.6,0.6,0.6,0.6,0.6,0.6,0.6,0.6,0.6,0.6,0.6,0.6
0.6,0.6,0.6,0.6,0.6,0.6,0.6,0.6,0.7117147,0.7117147,0.7117147,0.7117147,0.9553045,0.9553045,0.9553045,0.9553045,0.6,0.6,0.6,0.6,0.6,0.6,0.6,0.6,0.6,0.6,0.6,0.6,0.6,0.6,0.6,0.6,0.6,0.6,0.6,0.6,0.6,0.6,0.6,0.6,1.1556898,1.1556898,1.1556898,1.1556898,0.6,0.6,0.6,0.6,1.3759881,1.3759881,1.3759881,1.3759881,0.9584752,0.9584752,0.9584752,0.9584752,0.79602915,0.79602915,0.79602915,0.79602915,1.4183372,1.4183372,1.4183372,1.4183372,1.4594603,1.4594603,1.4594603,1.4594603,0.7032372,0.7032372,0.7032372,0.7032372,0.6,0.6,0.6,0.6,0.6,0.6,0.6,0.6,0.6,0.6,0.6,0.6,0.6,0.6,0.6,0.6,0.6,0.6,0.6,0.6,0.6,0.6,0.6,0.6,0.6,0.6,0.6,0.6,0.6,0.6,0.6,0.6,0.6,0.6,0.6,0.6,0.6,0.6,0.6,0.6,0.6,0.6,0.6,0.6,0.6,0.6,0.6,0.6
0.6,0.6,0.6,0.6,0.6,0.6,0.6,0.6,0.7117147,0.7117147,0.7117147,0.7117147,0.9553045,0.9553045,0.9553045,0.9553045,0.6,0.6,0.6,0.6,0.6,0.6,0.6,0.6,0.6,0.6,0.6,0.6,0.6,0.6,0.6,0.6,0.6,0.6,0.6,0.6,0.6,0.6,0.6,0.6,1.1556898,1.1556898,1.1556898,1.1556898,0.6,0.6,0.6,0.6,1.3759881,1.3759881,1.3759881,1.3759881,0.9584752,0.9584752,0.9584752,0.9584752,0.79602915,0.79602915,0.79602915,0.79602915,1.4183372,1.4183372,1.4183372,1.4183372,1.4594603,1.4594603,1.4594603,1.4594603,0.7032372,0.7032372,0.7032372,0.7032372,0.6,0.6,0.6,0.6,0.6,0.6,0.6,0.6,0.6,0.6,0.6,0.6,0.6,0.6,0.6,0.6,0.6,0.6,0.6,0.6,0.6,0.6,0.6,0.6,0.6,0.6,0.6,0.6,0.6,0.6,0.6,0.6,0.6,0.6,0.6,0.6,0.6,0.6,0.6,0.6,0.6,0.6,0.6,0.6,0.6,0.6,0.6,0.6
1.300374,1.300374,1.300374,1.300374,1.5269682,1.5269682,1.5269682,1.5269682,1.5343729,1.5343729,1.5343729,1.5343729,1.2777646,1.2777646,1.2777646,1.2777646,1.8520799,1.8520799,1.8520799,1.8520799,1.8538666,1.8538666,1.8538666,1.8538666,2.0493054,2.0493054,2.0493054,2.0493054,1.8647565,1.8647565,1.8647565,1.8647565,1.7318608,1.7318608,1.7318608,1.7318608,2.1505773,2.1505773,2.1505773,2.1505773,1.6379472,1.6379472,1.6379472,1.6379472,1.5924469,1.5924469,1.5924469,1.5924469,1.979552,1.979552,1.979552,1.979552,2.3563752,2.3563752,2.3563752,2.3563752,1.7625965,1.7625965,1.7625965,1.7625965,2.632845,2.632845,2.632845,2.632845,2.7818398,2.7818398,2.7818398,2.7818398,2.1880822,2.1880822,2.1880822,2.1880822,1.7564977,1.7564977,1.7564977,1.7564977,1.41431,1.41431,1.41431,1.41431,1.3836617,1.3836617,1.3836617,1.3836617,1.6292228,1.6292228,1.6292228,1.6292228,1.5548126,1.5548126,1.5548126,1.5548126,1.5038031,1.5038031,1.5038031,1.5038031,1.1473279,1.1473279,1.1473279,1.1473279,1.2408581,1.2408581,1.2408581,1.2408581,1.1121503,1.1121503,1.1121503,1.1121503,1.0561222,1.0561222,1.0561222,1.0561222,1.04764,1.04764,1.04764,1.04764,0.9935243,0.9935243,0.9935243,0.9935243
1.300374,1.300374,1.300374,1.300374,1.5269682,1.5269682,1.5269682,1.5269682,1.5343729,1.5343729,1.5343729,1.5343729,1.2777646,1.2777646,1.2777646,1.2777646,1.8520799,1.8520799,1.8520799,1.8520799,1.8538666,1.8538666,1.8538666,1.8538666,2.0493054,2.0493054,2.0493054,2.0493054,1.8647565,1.8647565,1.8647565,1.8647565,1.7318608,1.7318608,1.7318608,1.7318608,2.1505773,2.1505773,2.1505773,2.1505773,1.6379472,1.6379472,1.6379472,1.6379472,1.5924469,1.5924469,1.5924469,1.5924469,1.979552,1.979552,1.979552,1.979552,2.3563752,2.3563752,2.3563752,2.3563752,1.7625965,1.7625965,1.7625965,1.7625965,2.632845,2.632845,2.632845,2.632845,2.7818398,2.7818398,2.7818398,2.7818398,2.1880822,2.1880822,2.1880822,2.1880822,1.7564977,1.7564977,1.7564977,1.7564977,1.41431,1.41431,1.41431,1.41431,1.3836617,1.3836617,1.3836617,1.3836617,1.6292228,1.6292228,1.6292228,1.6292228,1.5548126,1.5548126,1.5548126,1.5548126,1.5038031,1.5038031,1.5038031,1.5038031,1.1473279,1.1473279,1.1473279,1.1473279,1.2408581,1.2408581,1.2408581,1.2408581,1.1121503,1.1121503,1.1121503,1.1121503,1.0561222,1.0561222,1.0561222,1.0561222,1.04764,1.04764,1.04764,1.04764,0.9935243,0.9935243,0.9935243,0.9935243
1.300374,1.300374,1.300374,1.300374,1.5269682,1.5269682,1.5269682,1.5269682,1.5343729,1.5343729,1.5343729,1.5343729,1.2777646,1.2777646,1.2777646,1.2777646,1.8520799,1.8520799,1.8520799,1.8520799,1.8538666,1.8538666,1.8538666,1.8538666,2.0493054,2.0493054,2.0493054,2.0493054,1.8647565,1.8647565,1.8647565,1.8647565,1.7318608,1.7318608,1.7318608,1.7318608,2.1505773,2.1505773,2.1505773,2.1505773,1.6379472,1.6379472,1.6379472,1.6379472,1.5924469,1.5924469,1.5924469,1.5924469,1.979552,1.979552,1.979552,1.979552,2.3563752,2.3563752,2.3563752,2.3563752,1.7625965,1.7625965,1.7625965,1.7625965,2.632845,2.632845,2.632845,2.632845,2.7818398,2.7818398,2.7818398,2.7818398,2.1880822,2.1880822,2.1880822,2.1880822,1.7564977,1.7564977,1.7564977,1.7564977,1.41431,1.41431,1.41431,1.41431,1.3836617,1.3836617,1.3836617,1.3836617,1.6292228,1.6292228,1.6292228,1.6292228,1.5548126,1.5548126,1.5548126,1.5548126,1.5038031,1.5038031,1.5038031,1.5038031,1.1473279,1.1473279,1.1473279,1.1473279,1.2408581,1.2408581,1.2408581,1.2408581,1.1121503,1.1121503,1.1121503,1.1121503,1.0561222,1.0561222,1.0561222,1.0561222,1.04764,1.04764,1.04764,1.04764,0.9935243,0.9935243,0.9935243,0.9935243
1.300374,1.300374,1.300374,1.300374,1.5269682,1.5269682,1.5269682,1.5269682,1.5343729,1.5343729,1.5343729,1.5343729,1.2777646,1.2777646,1.2777646,1.2777646,1.8520799,1.8520799,1.8520799,1.8520799,1.8538666,1.8538666,1.8538666,1.8538666,2.0493054,2.0493054,2.0493054,2.0493054,1.8647565,1.8647565,1.8647565,1.8647565,1.7318608,1.7318608,1.7318608,1.7318608,2.1505773,2.1505773,2.1505773,2.1505773,1.6379472,1.6379472,1.6379472,1.6379472,1.5924469,1.5924469,1.5924469,1.5924469,1.979552,1.979552,1.979552,1.979552,2.3563752,2.3563752,2.3563752,2.3563752,1.7625965,1.7625965,1.7625965,1.7625965,2.632845,2.632845,2.632845,2.632845,2.7818398,2.7818398,2.7818398,2.7818398,2.1880822,2.1880822,2.1880822,2.1880822,1.7564977,1.7564977,1.7564977,1.7564977,1.41431,1.41431,1.41431,1.41431,1.3836617,1.3836617,1.3836617,1.3836617,1.6292228,1.6292228,1.6292228,1.6292228,1.5548126,1.5548126,1.5548126,1.5548126,1.5038031,1.5038031,1.5038031,1.5038031,1.1473279,1.1473279,1.1473279,1.1473279,1.2408581,1.2408581,1.2408581,1.2408581,1.1121503,1.1121503,1.1121503,1.1121503,1.0561222,1.0561222,1.0561222,1.0561222,1.04764,1.04764,1.04764,1.04764,0.9935243,0.9935243,0.9935243,0.9935243
1.5269669,1.5269669,1.5269669,1.5269669,1.5933856,1.5933856,1.5933856,1.5933856,1.5471727,1.5471727,1.5471727,1.5471727,1.5182645,1.5182645,1.5182645,1.5182645,1.7676498,1.7676498,1.7676498,1.7676498,2.0267906,2.0267906,2.0267906,2.0267906,2.0788245,2.0788245,2.0788245,2.0788245,2.0707486,2.0707486,2.0707486,2.0707486,2.617855,2.617855,2.617855,2.617855,2.2774034,2.2774034,2.2774034,2.2774034,2.3211265,2.3211265,2.3211265,2.3211265,2.7905443,2.7905443,2.7905443,2.7905443,2.5382152,2.5382152,2.5382152,2.5382152,2.46875,2.46875,2.46875,2.46875,2.6247084,2.6247084,2.6247084,2.6247084,2.902993,2.902993,2.902993,2.902993,3.0,3.0,3.0,3.0,2.965833,2.965833,2.965833,2.965833,2.3323243,2.3323243,2.3323243,2.3323243,2.1567883,2.1567883,2.1567883,2.1567883,2.0601583,2.0601583,2.0601583,2.0601583,2.0044935,2.0044935,2.0044935,2.0044935,2.180845,2.180845,2.180845,2.180845,2.0423703,2.0423703,2.0423703,2.0423703,2.0113785,2.0113785,2.0113785,2.0113785,1.9490654,1.9490654,1.9490654,1.9490654,1.6298491,1.6298491,1.6298491,1.6298491,1.6411948,1.6411948,1.6411948,1.6411948,1.7420974,1.7420974,1.7420974,1.7420974,2.0312972,2.0312972,2.0312972,2.0312972
1.5269669,1.5269669,1.5269669,1.5269669,1.5933856,1.5933856,1.5933856,1.5933856,1.5471727,1.5471727,1.5471727,1.5471727,1.5182645,1.5182645,1.5182645,1.5182645,1.7676498,1.7676498,1.7676498,1.7676498,2.0267906,2.0267906,2.0267906,2.0267906,2.0788245,2.0788245,2.0788245,2.0788245,2.0707486,2.0707486,2.0707486,2.0707486,2.617855,2.617855,2.617855,2.617855,2.2774034,2.2774034,2.2774034,2.2774034,2.3211265,2.3211265,2.3211265,2.3211265,2.7905443,2.7905443,2.7905443,2.7905443,2.5382152,2.5382152,2.5382152,2.5382152,2.46875,2.46875,2.46875,2.46875,2.6247084,2.6247084,2.6247084,2.6247084,2.902993,2.902993,2.902993,2.902993,3.0,3.0,3.0,3.0,2.965833,2.965833,2.965833,2.965833,2.3323243,2.3323243,2.3323243,2.3323243,2.1567883,2.1567883,2.1567883,2.1567883,2.0601583,2.0601583,2.0601583,2.0601583,2.0044935,2.0044935,2.0044935,2.0044935,2.180845,2.180845,2.180845,2.180845,2.0423703,2.0423703,2.0423703,2.0423703,2.0113785,2.0113785,2.0113785,2.0113785,1.9490654,1.9490654,1.9490654,1.9490654,1.6298491,1.6298491,1.6298491,1.6298491,1.6411948,1.6411948,1.6411948,1.6411948,1.7420974,1.7420974,1.7420974,1.7420974,2.0312972,2.0312972,2.0312972,2.0312972
1.5269669,1.5269669,1.5269669,1.5269669,1.5933856,1.5933856,1.5933856,1.5933856,1.5471727,1.5471727,1.5471727,1.5471727,1.5182645,1.5182645,1.5182645,1.5182645,1.7676498,1.7676498,1.7676498,1.7676498,2.0267906,2.0267906,2.0267906,2.0267906,2.0788245,2.0788245,2.0788245,2.0788245,2.0707486,2.0707486,2.0707486,2.0707486,2.617855,2.617855,2.617855,2.617855,2.2774034,2.2774034,2.2774034,2.2774034,2.3211265,2.3211265,2.3211265,2.3211265,2.7905443,2.7905443,2.7905443,2.7905443,2.5382152,2.5382152,2.5382152,2.5382152,2.46875,2.46875,2.46875,2.46875,2.6247084,2.6247084,2.6247084,2.6247084,2.902993,2.902993,2.902993,2.902993,3.0,3.0,3.0,3.0,2.965833,2.965833,2.965833,2.965833,2.3323243,2.3323243,2.3323243,2.3323243,2.1567883,2.1567883,2.1567883,2.1567883,2.0601583,2.0601583,2.0601583,2.0601583,2.0044935,2.0044935,2.0044935,2.0044935,2.180845,2.180845,2.180845,2.180845,2.0423703,2.0423703,2.0423703,2.0423703,2.0113785,2.0113785,2.0113785,2.0113785,1.9490654,1.9490654,1.9490654,1.9490654,1.6298491,1.6298491,1.6298491,1.6298491,1.6411948,1.6411948,1.6411948,1.6411948,1.7420974,1.7420974,1.7420974,1.7420974,2.0312972,2.0312972,2.0312972,2.0312972
1.5269669,1.5269669,1.5269669,1.5269669,1.5933856,1.5933856,1.5933856,1.5933856,1.5471727,1.5471727,1.5471727,1.5471727,1.5182645,1.5182645,1.5182645,1.5182645,1.7676498,1.7676498,1.7676498,1.7676498,2.0267906,2.0267906,2.0267906,2.0267906,2.0788245,2.0788245,2.0788245,2.0788245,2.0707486,2.0707486,2.0707486,2.0707486,2.617855,2.617855,2.617855,2.617855,2.2774034,2.2774034,2.2774034,2.2774034,2.3211265,2.3211265,2.3211265,2.3211265,2.7905443,2.7905443,2.7905443,2.7905443,2.5382152,2.5382152,2.5382152,2.5382152,2.46875,2.46875,2.46875,2.46875,2.6247084,2.6247084,2.6247084,2.6247084,2.902993,2.902993,2.902993,2.902993,3.0,3.0,3.0,3.0,2.965833,2.965833,2.965833,2.965833,2.3323243,2.3323243,2.3323243,2.3323243,2.1567883,2.1567883,2.1567883,2.1567883,2.0601583,2.0601583,2.0601583,2.0601583,2.0044935,2.0044935,2.0044935,2.0044935,2.180845,2.180845,2.180845,2.180845,2.0423703,2.0423703,2.0423703,2.0423703,2.0113785,2.0113785,2.0113785,2.0113785,1.9490654,1.9490654,1.9490654,1.9490654,1.6298491,1.6298491,1.6298491,1.6298491,1.6411948,1.6411948,1.6411948,1.6411948,1.7420974,1.7420974,1.7420974,1.7420974,2.0312972,2.0312972,2.0312972,2.0312972
1.8650979,1.8650979,1.8650979,1.8650979,1.7177262,1.7177262,1.7177262,1.7177262,1.6892997,1.6892997,1.6892997,1.6892997,2.0527627,2.0527627,2.0527627,2.0527627,2.0186763,2.0186763,2.0186763,2.0186763,2.194074,2.194074,2.194074,2.194074,2.4225488,2.4225488,2.4225488,2.4225488,2.4326115,2.4326115,2.4326115,2.4326115,2.1553366,2.1553366,2.1553366,2.1553366,2.5048418,2.5048418,2.5048418,2.5048418,2.538641,2.538641,2.538641,2.538641,2.1521428,2.1521428,2.1521428,2.1521428,2.4254534,2.4254534,2.4254534,2.4254534,2.5155687,2.5155687,2.5155687,2.5155687,2.5403316,2.5403316,2.5403316,2.5403316,3.0,3.0,3.0,3.0,2.8805118,2.8805118,2.8805118,2.8805118,2.7518346,2.7518346,2.7518346,2.7518346,3.0,3.0,3.0,3.0,3.0,3.0,3.0,3.0,3.0,3.0,3.0,3.0,2.1159174,2.1159174,2.1159174,2.1159174,2.424926,2.424926,2.424926,2.424926,2.2471826,2.2471826,2.2471826,2.2471826,2.4457858,2.4457858,2.4457858,2.4457858,2.1779592,2.1779592,2.1779592,2.1779592,2.490717,2.490717,2.490717,2.490717,2.047021,2.047021,2.047021,2.047021,2.3097415,2.3097415,2.3097415,2.3097415,1.8862662,1.8862662,1.8862662,1.8862662
1.8650979,1.8650979,1.8650979,1.8650979,1.7177262,1.7177262,1.7177262,1.7177262,1.6892997,1.6892997,1.6892997,1.6892997,2.0527627,2.0527627,2.0527627,2.0527627,2.0186763,2.0186763,2.0186763,2.0186763,2.194074,2.194074,2.194074,2.194074,2.4225488,2.4225488,2.4225488,2.4225488,2.4326115,2.4326115,2.4326115,2.4326115,2.1553366,2.1553366,2.1553366,2.1553366,2.5048418,2.5048418,2.5048418,2.5048418,2.538641,2.538641,2.538641,2.538641,2.1521428,2.1521428,2.1521428,2.1521428,2.4254534,2.4254534,2.4254534,2.4254534,2.5155687,2.5155687,2.5155687,2.5155687,2.5403316,2.5403316,2.5403316,2.5403316,3.0,3.0,3.0,3.0,2.8805118,2.8805118,2.8805118,2.8805118,2.7518346,2.7518346,2.7518346,2.7518346,3.0,3.0,3.0,3.0,3.0,3.0,3.0,3.0,3.0,3.0,3.0,3.0,2.1159174,2.1159174,2.1159174,2.1159174,2.424926,2.424926,2.424926,2.424926,2.2471826,2.2471826,2.2471826,2.2471826,2.4457858,2.4457858,2.4457858,2.4457858,2.1779592,2.1779592,2.1779592,2.1779592,2.490717,2.490717,2.490717,2.490717,2.047021,2.047021,2.047021,2.047021,2.3097415,2.3097415,2.3097415,2.3097415,1.8862662,1.8862662,1.8862662,1.8862662
1.8650979,1.8650979,1.8650979,1.8650979,1.7177262,1.7177262,1.7177262,1.7177262,1.6892997,1.6892997,1.6892997,1.6892997,2.0527627,2.0527627,2.0527627,2.0527627,2.0186763,2.0186763,2.0186763,2.0186763,2.194074,2.194074,2.194074,2.194074,2.4225488,2.4225488,2.4225488,2.4225488,2.4326115,2.4326115,2.4326115,2.4326115,2.1553366,2.1553366,2.1553366,2.1553366,2.5048418,2.5048418,2.5048418,2.5048418,2.538641,2.538641,2.538641,2.538641,2.1521428,2.1521428,2.1521428,2.1521428,2.4254534,2.4254534,2.4254534,2.4254534,2.5155687,2.5155687,2.5155687,2.5155687,2.5403316,2.5403316,2.5403316,2.5403316,3.0,3.0,3.0,3.0,2.8805118,2.8805118,2.8805118,2.8805118,2.7518346,2.7518346,2.7518346,2.7518346,3.0,3.0,3.0,3.0,3.0,3.0,3.0,3.0,3.0,3.0,3.0,3.0,2.1159174,2.1159174,2.1159174,2.1159174,2.424926,2.424926,2.424926,2.424926,2.2471826,2.2471826,2.2471826,2.2471826,2.4457858,2.4457858,2.4457858,2.4457858,2.1779592,2.1779592,2.1779592,2.1779592,2.490717,2.490717,2.490717,2.490717,2.047021,2.047021,2.047021,2.047021,2.3097415,2.3097415,2.3097415,2.3097415,1.8862662,1.8862662,1.8862662,1.8862662
1.8650979,1.8650979,1.8650979,1.8650979,1.7177262,1.7177262,1.7177262,1.7177262,1.6892997,1.6892997,1.6892997,1.6892997,2.0527627,2.0527627,2.0527627,2.0527627,2.0186763,2.0186763,2.0186763,2.0186763,2.194074,2.194074,2.194074,2.194074,2.4225488,2.4225488,2.4225488,2.4225488,2.4326115,2.4326115,2.4326115,2.4326115,2.1553366,2.1553366,2.1553366,2.1553366,2.5048418,2.5048418,2.5048418,2.5048418,2.538641,2.538641,2.538641,2.538641,2.1521428,2.1521428,2.1521428,2.1521428,2.4254534,2.4254534,2.4254534,2.4254534,2.5155687,2.5155687,2.5155687,2.5155687,2.5403316,2.5403316,2.5403316,2.5403316,3.0,3.0,3.0,3.0,2.8805118,2.8805118,2.8805118,2.8805118,2.7518346,2.7518346,2.7518346,2.7518346,3.0,3.0,3.0,3.0,3.0,3.0,3.0,3.0,3.0,3.0,3.0,3.0,2.1159174,2.1159174,2.1159174,2.1159174,2.424926,2.424926,2.424926,2.424926,2.2471826,2.2471826,2.2471826,2.2471826,2.4457858,2.4457858,2.4457858,2.4457858,2.1779592,2.1779592,2.1779592,2.1779592,2.490717,2.490717,2.490717,2.490717,2.047021,2.047021,2.047021,2.047021,2.3097415,2.3097415,2.3097415,2.3097415,1.8862662,1.8862662,1.8862662,1.8862662
1.3432363,1.3432363,1.3432363,1.3432363,1.4782914,1.4782914,1.4782914,1.4782914,1.5447851,1.5447851,1.5447851,1.5447851,1.7150804,1.7150804,1.7150804,1.7150804,2.3619583,2.3619583,2.3619583,2.3619583,2.3904157,2.3904157,2.3904157,2.3904157,2.1676335,2.1676335,2.1676335,2.1676335,2.2182157,2.2182157,2.2182157,2.2182157,1.8130604,1.8130604,1.8130604,1.8130604,2.230497,2.230497,2.230497,2.230497,2.5045357,2.5045357,2.5045357,2.5045357,1.8258318,1.8258318,1.8258318,1.8258318,2.3794167,2.3794167,2.3794167,2.3794167,1.7692114,1.7692114,1.7692114,1.7692114,2.4962363,2.4962363,2.4962363,2.4962363,3.0,3.0,3.0,3.0,3.0,3.0,3.0,3.0,1.8772861,1.8772861,1.8772861,1.8772861,2.3859735,2.3859735,2.3859735,2.3859735,2.9528856,2.9528856,2.9528856,2.9528856,2.225701,2.225701,2.225701,2.225701,2.4263177,2.4263177,2.4263177,2.4263177,2.2281933,2.2281933,2.2281933,2.2281933,1.5158418,1.5158418,1.5158418,1.5158418,1.6347052,1.6347052,1.6347052,1.6347052,2.190477,2.190477,2.190477,2.190477,2.1222594,2.1222594,2.1222594,2.1222594,1.5863694,1.5863694,1.5863694,1.5863694,1.6846045,1.6846045,1.6846045,1.6846045,1.8326828,1.8326828,1.8326828,1.8326828
1.3432363,1.3432363,1.3432363,1.3432363,1.4782914,1.4782914,1.4782914,1.4782914,1.5447851,1.5447851,1.5447851,1.5447851,1.7150804,1.7150804,1.7150804,1.7150804,2.3619583,2.3619583,2.3619583,2.3619583,2.3904157,2.3904157,2.3904157,2.3904157,2.1676335,2.1676335,2.1676335,2.1676335,2.2182157,2.2182157,2.2182157,2.2182157,1.8130604,1.8130604,1.8130604,1.8130604,2.230497,2.230497,2.230497,2.230497,2.5045357,2.5045357,2.5045357,2.5045357,1.8258318,1.8258318,1.8258318,1.8258318,2.3794167,2.3794167,2.3794167,2.3794167,1.7692114,1.7692114,1.7692114,1.7692114,2.4962363,2.4962363,2.4962363,2.4962363,3.0,3.0,3.0,3.0,3.0,3.0,3.0,3.0,1.8772861,1.8772861,1.8772861,1.8772861,2.3859735,2.3859735,2.3859735,2.3859735,2.9528856,2.9528856,2.9528856,2.9528856,2.225701,2.225701,2.225701,2.225701,2.4263177,2.4263177,2.4263177,2.4263177,2.2281933,2.2281933,2.2281933,2.2281933,1.5158418,1.5158418,1.5158418,1.5158418,1.6347052,1.6347052,1.6347052,1.6347052,2.190477,2.190477,2.190477,2.190477,2.1222594,2.1222594,2.1222594,2.1222594,1.5863694,1.5863694,1.5863694,1.5863694,1.6846045,1.6846045,1.6846045,1.6846045,1.8326828,1.8326828,1.8326828,1.8326828
1.3432363,1.3432363,1.3432363,1.3432363,1.4782914,1.4782914,1.4782914,1.4782914,1.5447851,1.5447851,1.5447851,1.5447851,1.7150804,1.7150804,1.7150804,1.7150804,2.3619583,2.3619583,2.3619583,2.3619583,2.3904157,2.3904157,2.3904157,2.3904157,2.1676335,2.1676335,2.1676335,2.1676335,2.2182157,2.2182157,2.2182157,2.2182157,1.8130604,1.8130604,1.8130604,1.8130604,2.230497,2.230497,2.230497,2.230497,2.5045357,2.5045357,2.5045357,2.5045357,1.8258318,1.8258318,1.8258318,1.8258318,2.3794167,2.3794167,2.3794167,2.3794167,1.7692114,1.7692114,1.7692114,1.7692114,2.4962363,2.4962363,2.4962363,2.4962363,3.0,3.0,3.0,3.0,3.0,3.0,3.0,3.0,1.8772861,1.8772861,1.8772861,1.8772861,2.3859735,2.3859735,2.3859735,2.3859735,2.9528856,2.9528856,2.9528856,2.9528856,2.225701,2.225701,2.225701,2.225701,2.4263177,2.4263177,2.4263177,2.4263177,2.2281933,2.2281933,2.2281933,2.2281933,1.5158418,1.5158418,1.5158418,1.5158418,1.6347052,1.6347052,1.6347052,1.6347052,2.190477,2.190477,2.190477,2.190477,2.1222594,2.1222594,2.1222594,2.1222594,1.5863694,1.5863694,1.5863694,1.5863694,1.6846045,1.6846045,1.6846045,1.6846045,1.8326828,1.8326828,1.8326828,1.8326828
1.3432363,1.3432363,1.3432363,1.3432363,1.4782914,1.4782914,1.4782914,1.4782914,1.5447851,1.5447851,1.5447851,1.5447851,1.7150804,1.7150804,1.7150804,1.7150804,2.3619583,2.3619583,2.3619583,2.3619583,2.3904157,2.3904157,2.3904157,2.3904157,2.1676335,2.1676335,2.1676335,2.1676335,2.2182157,2.2182157,2.2182157,2.2182157,1.8130604,1.8130604,1.8130604,1.8130604,2.230497,2.230497,2.230497,2.230497,2.5045357,2.5045357,2.5045357,2.5045357,1.8258318,1.8258318,1.8258318,1.8258318,2.3794167,2.3794167,2.3794167,2.3794167,1.7692114,1.7692114,1.7692114,1.7692114,2.4962363,2.4962363,2.4962363,2.4962363,3.0,3.0,3.0,3.0,3.0,3.0,3.0,3.0,1.8772861,1.8772861,1.8772861,1.8772861,2.3859735,2.3859735,2.3859735,2.3859735,2.9528856,2.9528856,2.9528856,2.9528856,2.225701,2.225701,2.225701,2.225701,2.4263177,2.4263177,2.4263177,2.4263177,2.2281933,2.2281933,2.2281933,2.2281933,1.5158418,1.5158418,1.5158418,1.5158418,1.6347052,1.6347052,1.6347052,1.6347052,2.190477,2.190477,2.190477,2.190477,2.1222594,2.1222594,2.1222594,2.1222594,1.5863694,1.5863694,1.5863694,1.5863694,1.6846045,1.6846045,1.6846045,1.6846045,1.8326828,1.8326828,1.8326828,1.8326828
1.8042963,1.8042963,1.8042963,1.8042963,1.8210542,1.8210542,1.8210542,1.8210542,1.803749,1.803749,1.803749,1.803749,1.730021,1.730021,1.730021,1.730021,2.1226752,2.1226752,2.1226752,2.1226752,2.0850859,2.0850859,2.0850859,2.0850859,1.8194326,1.8194326,1.8194326,1.8194326,1.9012846,1.9012846,1.9012846,1.9012846,1.7157068,1.7157068,1.7157068,1.7157068,1.6430073,1.6430073,1.6430073,1.6430073,1.5293278,1.5293278,1.5293278,1.5293278,1.7618729,1.7618729,1.7618729,1.7618729,2.8310409,2.8310409,2.8310409,2.8310409,2.069731,2.069731,2.069731,2.069731,2.7826731,2.7826731,2.7826731,2.7826731,2.625576,2.625576,2.625576,2.625576,2.5974221,2.5974221,2.5974221,2.5974221,1.7640079,1.7640079,1.7640079,1.7640079,1.7563628,1.7563628,1.7563628,1.7563628,2.3347657,2.3347657,2.3347657,2.3347657,2.4393287,2.4393287,2.4393287,2.4393287,1.5900716,1.5900716,1.5900716,1.5900716,1.7483168,1.7483168,1.7483168,1.7483168,1.7804215,1.7804215,1.7804215,1.7804215,2.2208436,2.2208436,2.2208436,2.2208436,1.6491565,1.6491565,1.6491565,1.6491565,2.0268948,2.0268948,2.0268948,2.0268948,1.9100863,1.9100863,1.9100863,1.9100863,1.6827105,1.6827105,1.6827105,1.6827105,1.7803179,1.7803179,1.7803179,1.7803179
1.8042963,1.8042963,1.8042963,1.8042963,1.8210542,1.8210542,1.8210542,1.8210542,1.803749,1.803749,1.803749,1.803749,1.730021,1.730021,1.730021,1.730021,2.1226752,2.1226752,2.1226752,2.1226752,2.0850859,2.0850859,2.0850859,2.0850859,1.8194326,1.8194326,1.8194326,1.8194326,1.9012846,1.9012846,1.9012846,1.9012846,1.7157068,1.7157068,1.7157068,1.7157068,1.6430073,1.6430073,1.6430073,1.6430073,1.5293278,1.5293278,1.5293278,1.5293278,1.7618729,1.7618729,1.7618729,1.7618729,2.8310409,2.8310409,2.8310409,2.8310409,2.069731,2.069731,2.069731,2.069731,2.7826731,2.7826731,2.7826731,2.7826731,2.625576,2.625576,2.625576,2.625576,2.5974221,2.5974221,2.5974221,2.5974221,1.7640079,1.7640079,1.7640079,1.7640079,1.7563628,1.7563628,1.7563628,1.7563628,2.3347657,2.3347657,2.3347657,2.3347657,2.4393287,2.4393287,2.4393287,2.4393287,1.5900716,1.5900716,1.5900716,1.5900716,1.7483168,1.7483168,1.7483168,1.7483168,1.7804215,1.7804215,1.7804215,1.7804215,2.2208436,2.2208436,2.2208436,2.2208436,1.6491565,1.6491565,1.6491565,1.6491565,2.0268948,2.0268948,2.0268948,2.0268948,1.9100863,1.9100863,1.9100863,1.9100863,1.6827105,1.6827105,1.6827105,1.6827105,1.7803179,1.7803179,1.7803179,1.7803179
1.8042963,1.8042963,1.8042963,1.8042963,1.8210542,1.8210542,1.8210542,1.8210542,1.803749,1.803749,1.803749,1.803749,1.730021,1.730021,1.730021,1.730021,2.1226752,2.1226752,2.1226752,2.1226752,2.0850859,2.0850859,2.0850859,2.0850859,1.8194326,1.8194326,1.8194326,1.8194326,1.9012846,1.9012846,1.9012846,1.9012846,1.7157068,1.7157068,1.7157068,1.7157068,1.6430073,1.6430073,1.6430073,1.6430073,1.5293278,1.5293278,1.5293278,1.5293278,1.7618729,1.7618729,1.7618729,1.7618729,2.8310409,2.8310409,2.8310409,2.8310409,2.069731,2.069731,2.069731,2.069731,2.7826731,2.7826731,2.7826731,2.7826731,2.625576,2.625576,2.625576,2.625576,2.5974221,2.5974221,2.5974221,2.5974221,1.7640079,1.7640079,1.7640079,1.7640079,1.7563628,1.7563628,1.7563628,1.7563628,2.3347657,2.3347657,2.3347657,2.3347657,2.4393287,2.4393287,2.4393287,2.4393287,1.5900716,1.5900716,1.5900716,1.5900716,1.7483168,1.7483168,1.7483168,1.7483168,1.7804215,1.7804215,1.7804215,1.7804215,2.2208436,2.2208436,2.2208436,2.2208436,1.6491565,1.6491565,1.6491565,1.6491565,2.0268948,2.0268948,2.0268948,2.0268948,1.9100863,1.9100863,1.9100863,1.9100863,1.6827105,1.6827105,1.6827105,1.6827105,1.7803179,1.7803179,1.7803179,1.7803179
1.8042963,1.8042963,1.8042963,1.8042963,1.8210542,1.8210542,1.8210542,1.8210542,1.803749,1.803749,1.803749,1.803749,1.730021,1.730021,1.730021,1.730021,2.1226752,2.1226752,2.1226752,2.1226752,2.0850859,2.0850859,2.0850859,2.0850859,1.8194326,1.8194326,1.8194326,1.8194326,1.9012846,1.9012846,1.9012846,1.9012846,1.7157068,1.7157068,1.7157068,1.7157068,1.6430073,1.6430073,1.6430073,1.6430073,1.5293278,1.5293278,1.5293278,1.5293278,1.7618729,1.7618729,1.7618729,1.7618729,2.8310409,2.8310409,2.8310409,2.8310409,2.069731,2.069731,2.069731,2.069731,2.7826731,2.7826731,2.7826731,2.7826731,2.625576,2.625576,2.625576,2.625576,2.5974221,2.5974221,2.5974221,2.5974221,1.7640079,1.7640079,1.7640079,1.7640079,1.7563628,1.7563628,1.7563628,1.7563628,2.3347657,2.3347657,2.3347657,2.3347657,2.4393287,2.4393287,2.4393287,2.4393287,1.5900716,1.5900716,1.5900716,1.5900716,1.7483168,1.7483168,1.7483168,1.7483168,1.7804215,1.7804215,1.7804215,1.7804215,2.2208436,2.2208436,2.2208436,2.2208436,1.6491565,1.6491565,1.6491565,1.6491565,2.0268948,2.0268948,2.0268948,2.0268948,1.9100863,1.9100863,1.9100863,1.9100863,1.6827105,1.6827105,1.6827105,1.6827105,1.7803179,1.7803179,1.7803179,1.7803179
1.6455839,1.6455839,1.6455839,1.6455839,1.8161632,1.8161632,1.8161632,1.8161632,1.7978319,1.7978319,1.7978319,1.7978319,1.8625383,1.8625383,1.8625383,1.8625383,1.9863676,1.9863676,1.9863676,1.9863676,1.30481,1.30481,1.30481,1.30481,2.0542333,2.0542333,2.0542333,2.0542333,2.2506948,2.2506948,2.2506948,2.2506948,2.2392735,2.2392735,2.2392735,2.2392735,2.215444,2.215444,2.215444,2.215444,1.4590929,1.4590929,1.4590929,1.4590929,1.8955625,1.8955625,1.8955625,1.8955625,2.9991913,2.9991913,2.9991913,2.9991913,1.820356,1.820356,1.820356,1.820356,2.0413344,2.0413344,2.0413344,2.0413344,1.7929769,1.7929769,1.7929769,1.7929769,1.7107236,1.7107236,1.7107236,1.7107236,1.9991862,1.9991862,1.9991862,1.9991862,1.5926731,1.5926731,1.5926731,1.5926731,2.7692404,2.7692404,2.7692404,2.7692404,3.0,3.0,3.0,3.0,2.241638,2.241638,2.241638,2.241638,1.7615705,1.7615705,1.7615705,1.7615705,1.0160533,1.0160533,1.0160533,1.0160533,0.84661216,0.84661216,0.84661216,0.84661216,1.7017448,1.7017448,1.7017448,1.7017448,1.7133508,1.7133508,1.7133508,1.7133508,1.5576717,1.5576717,1.5576717,1.5576717,1.4005957,1.4005957,1.4005957,1.4005957,1.5226973,1.5226973,1.5226973,1.5226973
1.6455839,1.6455839,1.6455839,1.6455839,1.8161632,1.8161632,1.8161632,1.8161632,1.7978319,1.7978319,1.7978319,1.7978319,1.8625383,1.8625383,1.8625383,1.8625383,1.9863676,1.9863676,1.9863676,1.9863676,1.30481,1.30481,1.30481,1.30481,2.0542333,2.0542333,2.0542333,2.0542333,2.2506948,2.2506948,2.2506948,2.2506948,2.2392735,2.2392735,2.2392735,2.2392735,2.215444,2.215444,2.215444,2.215444,1.4590929,1.4590929,1.4590929,1.4590929,1.8955625,1.8955625,1.8955625,1.8955625,2.9991913,2.9991913,2.9991913,2.9991913,1.820356,1.820356,1.820356,1.820356,2.0413344,2.0413344,2.0413344,2.0413344,1.7929769,1.7929769,1.7929769,1.7929769,1.7107236,1.7107236,1.7107236,1.7107236,1.9991862,1.9991862,1.9991862,1.9991862,1.5926731,1.5926731,1.5926731,1.5926731,2.7692404,2.7692404,2.7692404,2.7692404,3.0,3.0,3.0,3.0,2.241638,2.241638,2.241638,2.241638,1.7615705,1.7615705,1.7615705,1.7615705,1.0160533,1.0160533,1.0160533,1.0160533,0.84661216,0.84661216,0.84661216,0.84661216,1.7017448,1.7017448,1.7017448,1.7017448,1.7133508,1.7133508,1.7133508,1.7133508,1.5576717,1.5576717,1.5576717,1.5576717,1.4005957,1.4005957,1.4005957,1.4005957,1.5226973,1.5226973,1.5226973,1.5226973
1.6455839,1.6455839,1.6455839,1.6455839,1.8161632,1.8161632,1.8161632,1.8161632,1.7978319,1.7978319,1.7978319,1.7978319,1.8625383,1.8625383,1.8625383,1.8625383,1.9863676,1.9863676,1.9863676,1.9863676,1.30481,1.30481,1.30481,1.30481,2.0542333,2.0542333,2.0542333,2.0542333,2.2506948,2.2506948,2.2506948,2.2506948,2.2392735,2.2392735,2.2392735,2.2392735,2.215444,2.215444,2.215444,2.215444,1.4590929,1.4590929,1.4590929,1.4590929,1.8955625,1.8955625,1.8955625,1.8955625,2.9991913,2.9991913,2.9991913,2.9991913,1.820356,1.820356,1.820356,1.820356,2.0413344,2.0413344,2.0413344,2.0413344,1.7929769,1.7929769,1.7929769,1.7929769,1.7107236,1.7107236,1.7107236,1.7107236,1.9991862,1.9991862,1.9991862,1.9991862,1.5926731,1.5926731,1.5926731,1.5926731,2.7692404,2.7692404,2.7692404,2.7692404,3.0,3.0,3.0,3.0,2.241638,2.241638,2.241638,2.241638,1.7615705,1.7615705,1.7615705,1.7615705,1.0160533,1.0160533,1.0160533,1.0160533,0.84661216,0.84661216,0.84661216,0.84661216,1.7017448,1.7017448,1.7017448,1.7017448,1.7133508,1.7133508,1.7133508,1.7133508,1.5576717,1.5576717,1.5576717,1.5576717,1.4005957,1.4005957,1.4005957,1.4005957,1.5226973,1.5226973,1.5226973,1.5226973
1.6455839,1.6455839,1.6455839,1.6455839,1.8161632,1.8161632,1.8161632,1.8161632,1.7978319,1.7978319,1.7978319,1.7978319,1.8625383,1.8625383,1.8625383,1.8625383,1.9863676,1.9863676,1.9863676,1.9863676,1.30481,1.30481,1.30481,1.30481,2.0542333,2.0542333,2.0542333,2.0542333,2.2506948,2.2506948,2.2506948,2.2506948,2.2392735,2.2392735,2.2392735,2.2392735,2.215444,2.215444,2.215444,2.215444,1.4590929,1.4590929,1.4590929,1.4590929,1.8955625,1.8955625,1.8955625,1.8955625,2.9991913,2.9991913,2.9991913,2.9991913,1.820356,1.820356,1.820356,1.820356,2.0413344,2.0413344,2.0413344,2.0413344,1.7929769,1.7929769,1.7929769,1.7929769,1.7107236,1.7107236,1.7107236,1.7107236,1.9991862,1.9991862,1.9991862,1.9991862,1.5926731,1.5926731,1.5926731,1.5926731,2.7692404,2.7692404,2.7692404,2.7692404,3.0,3.0,3.0,3.0,2.241638,2.241638,2.241638,2.241638,1.7615705,1.7615705,1.7615705,1.7615705,1.0160533,1.0160533,1.0160533,1.0160533,0.84661216,0.84661216,0.84661216,0.84661216,1.7017448,1.7017448,1.7017448,1.7017448,1.7133508,1.7133508,1.7133508,1.7133508,1.5576717,1.5576717,1.5576717,1.5576717,1.4005957,1.4005957,1.4005957,1.4005957,1.5226973,1.5226973,1.5226973,1.5226973
2.0236251,2.0236251,2.0236251,2.0236251,1.8424252,1.8424252,1.8424252,1.8424252,1.6091334,1.6091334,1.6091334,1.6091334,1.4331918,1.4331918,1.4331918,1.4331918,1.4822422,1.4822422,1.4822422,1.4822422,1.0912482,1.0912482,1.0912482,1.0912482,0.7453192,0.7453192,0.7453192,0.7453192,1.1894825,1.1894825,1.1894825,1.1894825,2.269189,2.269189,2.269189,2.269189,1.9007425,1.9007425,1.9007425,1.9007425,1.6817954,1.6817954,1.6817954,1.6817954,0.98298556,0.98298556,0.98298556,0.98298556,1.2686056,1.2686056,1.2686056,1.2686056,2.077381,2.077381,2.077381,2.077381,1.9009454,1.9009454,1.9009454,1.9009454,2.1502237,2.1502237,2.1502237,2.1502237,3.0,3.0,3.0,3.0,3.0,3.0,3.0,3.0,2.6463792,2.6463792,2.6463792,2.6463792,2.844388,2.844388,2.844388,2.844388,3.0,3.0,3.0,3.0,3.0,3.0,3.0,3.0,2.8254914,2.8254914,2.8254914,2.8254914,1.9697597,1.9697597,1.9697597,1.9697597,1.6505284,1.6505284,1.6505284,1.6505284,2.1681328,2.1681328,2.1681328,2.1681328,1.4747486,1.4747486,1.4747486,1.4747486,1.3427572,1.3427572,1.3427572,1.3427572,1.3708583,1.3708583,1.3708583,1.3708583,1.5286008,1.5286008,1.5286008,1.5286008
2.0236251,2.0236251,2.0236251,2.0236251,1.8424252,1.8424252,1.8424252,1.8424252,1.6091334,1.6091334,1.6091334,1.6091334,1.4331918,1.4331918,1.4331918,1.4331918,1.4822422,1.4822422,1.4822422,1.4822422,1.0912482,1.0912482,1.0912482,1.0912482,0.7453192,0.7453192,0.7453192,0.7453192,1.1894825,1.1894825,1.1894825,1.1894825,2.269189,2.269189,2.269189,2.269189,1.9007425,1.9007425,1.9007425,1.9007425,1.6817954,1.6817954,1.6817954,1.6817954,0.98298556,0.98298556,0.98298556,0.98298556,1.2686056,1.2686056,1.2686056,1.2686056,2.077381,2.077381,2.077381,2.077381,1.9009454,1.9009454,1.9009454,1.9009454,2.1502237,2.1502237,2.1502237,2.1502237,3.0,3.0,3.0,3.0,3.0,3.0,3.0,3.0,2.6463792,2.6463792,2.6463792,2.6463792,2.844388,2.844388,2.844388,2.844388,3.0,3.0,3.0,3.0,3.0,3.0,3.0,3.0,2.8254914,2.8254914,2.8254914,2.8254914,1.9697597,1.9697597,1.9697597,1.9697597,1.6505284,1.6505284,1.6505284,1.6505284,2.1681328,2.1681328,2.1681328,2.1681328,1.4747486,1.4747486,1.4747486,1.4747486,1.3427572,1.3427572,1.3427572,1.3427572,1.3708583,1.3708583,1.3708583,1.3708583,1.5286008,1.5286008,1.5286008,1.5286008
2.0236251,2.0236251,2.0236251,2.0236251,1.8424252,1.8424252,1.8424252,1.8424252,1.6091334,1.6091334,1.6091334,1.6091334,1.4331918,1.4331918,1.4331918,1.4331918,1.4822422,1.4822422,1.4822422,1.4822422,1.0912482,1.0912482,1.0912482,1.0912482,0.7453192,0.7453192,0.7453192,0.7453192,1.1894825,1.1894825,1.1894825,1.1894825,2.269189,2.269189,2.269189,2.269189,1.9007425,1.9007425,1.9007425,1.9007425,1.6817954,1.6817954,1.6817954,1.6817954,0.98298556,0.98298556,0.98298556,0.98298556,1.2686056,1.2686056,1.2686056,1.2686056,2.077381,2.077381,2.077381,2.077381,1.9009454,1.9009454,1.9009454,1.9009454,2.1502237,2.1502237,2.1502237,2.1502237,3.0,3.0,3.0,3.0,3.0,3.0,3.0,3.0,2.6463792,2.6463792,2.6463792,2.6463792,2.844388,2.844388,2.844388,2.844388,3.0,3.0,3.0,3.0,3.0,3.0,3.0,3.0,2.8254914,2.8254914,2.8254914,2.8254914,1.9697597,1.9697597,1.9697597,1.9697597,1.6505284,1.6505284,1.6505284,1.6505284,2.1681328,2.1681328,2.1681328,2.1681328,1.4747486,1.4747486,1.4747486,1.4747486,1.3427572,1.3427572,1.3427572,1.3427572,1.3708583,1.3708583,1.3708583,1.3708583,1.5286008,1.5286008,1.5286008,1.5286008
2.0236251,2.0236251,2.0236251,2.0236251,1.8424252,1.8424252,1.8424252,1.8424252,1.6091334,1.6091334,1.6091334,1.6091334,1.4331918,1.4331918,1.4331918,1.4331918,1.4822422,1.4822422,1.4822422,1.4822422,1.0912482,1.0912482,1.0912482,1.0912482,0.7453192,0.7453192,0.7453192,0.7453192,1.1894825,1.1894825,1.1894825,1.1894825,2.269189,2.269189,2.269189,2.269189,1.9007425,1.9007425,1.9007425,1.9007425,1.6817954,1.6817954,1.6817954,1.6817954,0.98298556,0.98298556,0.98298556,0.98298556,1.2686056,1.2686056,1.2686056,1.2686056,2.077381,2.077381,2.077381,2.077381,1.9009454,1.9009454,1.9009454,1.9009454,2.1502237,2.1502237,2.1502237,2.1502237,3.0,3.0,3.0,3.0,3.0,3.0,3.0,3.0,2.6463792,2.6463792,2.6463792,2.6463792,2.844388,2.844388,2.844388,2.844388,3.0,3.0,3.0,3.0,3.0,3.0,3.0,3.0,2.8254914,2.8254914,2.8254914,2.8254914,1.9697597,1.9697597,1.9697597,1.9697597,1.6505284,1.6505284,1.6505284,1.6505284,2.1681328,2.1681328,2.1681328,2.1681328,1.4747486,1.4747486,1.4747486,1.4747486,1.3427572,1.3427572,1.3427572,1.3427572,1.3708583,1.3708583,1.3708583,1.3708583,1.5286008,1.5286008,1.5286008,1.5286008
1.3659066,1.3659066,1.3659066,1.3659066,1.116222,1.116222,1.116222,1.116222,1.386166,1.386166,1.386166,1.386166,1.2962608,1.2962608,1.2962608,1.2962608,1.4082898,1.4082898,1.4082898,1.4082898,1.6263206,1.6263206,1.6263206,1.6263206,2.1084092,2.1084092,2.1084092,2.1084092,1.6912793,1.6912793,1.6912793,1.6912793,1.8202634,1.8202634,1.8202634,1.8202634,2.1172104,2.1172104,2.1172104,2.1172104,1.9207,1.9207,1.9207,1.9207,2.043668,2.043668,2.043668,2.043668,1.5006434,1.5006434,1.5006434,1.5006434,1.6292579,1.6292579,1.6292579,1.6292579,1.1382574,1.1382574,1.1382574,1.1382574,1.9584004,1.9584004,1.9584004,1.9584004,2.8411317,2.8411317,2.8411317,2.8411317,3.0,3.0,3.0,3.0,2.0044036,2.0044036,2.0044036,2.0044036,2.756451,2.756451,2.756451,2.756451,2.8291543,2.8291543,2.8291543,2.8291543,2.647215,2.647215,2.647215,2.647215,2.3703876,2.3703876,2.3703876,2.3703876,1.8711555,1.8711555,1.8711555,1.8711555,1.6000376,1.6000376,1.6000376,1.6000376,1.8968557,1.8968557,1.8968557,1.8968557,1.7919434,1.7919434,1.7919434,1.7919434,1.63787,1.63787,1.63787,1.63787,1.4974111,1.4974111,1.4974111,1.4974111,1.4969537,1.4969537,1.4969537,1.4969537
1.3659066,1.3659066,1.3659066,1.3659066,1.116222,1.116222,1.116222,1.116222,1.386166,1.386166,1.386166,1.386166,1.2962608,1.2962608,1.2962608,1.2962608,1.4082898,1.4082898,1.4082898,1.4082898,1.6263206,1.6263206,1.6263206,1.6263206,2.1084092,2.1084092,2.1084092,2.1084092,1.6912793,1.6912793,1.6912793,1.6912793,1.8202634,1.8202634,1.8202634,1.8202634,2.1172104,2.1172104,2.1172104,2.1172104,1.9207,1.9207,1.9207,1.9207,2.043668,2.043668,2.043668,2.043668,1.5006434,1.5006434,1.5006434,1.5006434,1.6292579,1.6292579,1.6292579,1.6292579,1.1382574,1.1382574,1.1382574,1.1382574,1.9584004,1.9584004,1.9584004,1.9584004,2.8411317,2.8411317,2.8411317,2.8411317,3.0,3.0,3.0,3.0,2.0044036,2.0044036,2.0044036,2.0044036,2.756451,2.756451,2.756451,2.756451,2.8291543,2.8291543,2.8291543,2.8291543,2.647215,2.647215,2.647215,2.647215,2.3703876,2.3703876,2.3703876,2.3703876,1.8711555,1.8711555,1.8711555,1.8711555,1.6000376,1.6000376,1.6000376,1.6000376,1.8968557,1.8968557,1.8968557,1.8968557,1.7919434,1.7919434,1.7919434,1.7919434,1.63787,1.63787,1.63787,1.63787,1.4974111,1.4974111,1.4974111,1.4974111,1.4969537,1.4969537,1.4969537,1.4969537
1.3659066,1.3659066,1.3659066,1.3659066,1.116222,1.116222,1.116222,1.116222,1.386166,1.386166,1.386166,1.386166,1.2962608,1.2962608,1.2962608,1.2962608,1.4082898,1.4082898,1.4082898,1.4082898,1.6263206,1.6263206,1.6263206,1.6263206,2.1084092,2.1084092,2.1084092,2.1084092,1.6912793,1.6912793,1.6912793,1.6912793,1.8202634,1.8202634,1.8202634,1.8202634,2.1172104,2.1172104,2.1172104,2.1172104,1.9207,1.9207,1.9207,1.9207,2.043668,2.043668,2.043668,2.043668,1.5006434,1.5006434,1.5006434,1.5006434,1.6292579,1.6292579,1.6292579,1.6292579,1.1382574,1.1382574,1.1382574,1.1382574,1.9584004,1.9584004,1.9584004,1.9584004,2.8411317,2.8411317,2.8411317,2.8411317,3.0,3.0,3.0,3.0,2.0044036,2.0044036,2.0044036,2.0044036,2.756451,2.756451,2.756451,2.756451,2.8291543,2.8291543,2.8291543,2.8291543,2.647215,2.647215,2.647215,2.647215,2.3703876,2.3703876,2.3703876,2.3703876,1.8711555,1.8711555,1.8711555,1.8711555,1.6000376,1.6000376,1.6000376,1.6000376,1.8968557,1.8968557,1.8968557,1.8968557,1.7919434,1.7919434,1.7919434,1.7919434,1.63787,1.63787,1.63787,1.63787,1.4974111,1.4974111,1.4974111,1.4974111,1.4969537,1.4969537,1.4969537,1.4969537
1.3659066,1.3659066,1.3659066,1.3659066,1.116222,1.116222,1.116222,1.116222,1.386166,1.386166,1.386166,1.386166,1.2962608,1.2962608,1.2962608,1.2962608,1.4082898,1.4082898,1.4082898,1.4082898,1.6263206,1.6263206,1.6263206,1.6263206,2.1084092,2.1084092,2.1084092,2.1084092,1.6912793,1.6912793,1.6912793,1.6912793,1.8202634,1.8202634,1.8202634,1.8202634,2.1172104,2.1172104,2.1172104,2.1172104,1.9207,1.9207,1.9207,1.9207,2.043668,2.043668,2.043668,2.043668,1.5006434,1.5006434,1.5006434,1.5006434,1.6292579,1.6292579,1.6292579,1.6292579,1.1382574,1.1382574,1.1382574,1.1382574,1.9584004,1.9584004,1.9584004,1.9584004,2.8411317,2.8411317,2.8411317,2.8411317,3.0,3.0,3.0,3.0,2.0044036,2.0044036,2.0044036,2.0044036,2.756451,2.756451,2.756451,2.756451,2.8291543,2.8291543,2.8291543,2.8291543,2.647215,2.647215,2.647215,2.647215,2.3703876,2.3703876,2.3703876,2.3703876,1.8711555,1.8711555,1.8711555,1.8711555,1.6000376,1.6000376,1.6000376,1.6000376,1.8968557,1.8968557,1.8968557,1.8968557,1.7919434,1.7919434,1.7919434,1.7919434,1.63787,1.63787,1.63787,1.63787,1.4974111,1.4974111,1.4974111,1.4974111,1.4969537,1.4969537,1.4969537,1.4969537
0.6,0.6,0.6,0.6,0.6,0.6,0.6,0.6,0.6,0.6,0.6,0.6,0.6,0.6,0.6,0.6,0.6924378,0.6924378,0.6924378,0.6924378,1.235382,1.235382,1.235382,1.235382,0.7504476,0.7504476,0.7504476,0.7504476,1.1018656,1.1018656,1.1018656,1.1018656,1.5776037,1.5776037,1.5776037,1.5776037,2.7533216,2.7533216,2.7533216,2.7533216,2.6287868,2.6287868,2.6287868,2.6287868,2.5359986,2.5359986,2.5359986,2.5359986,2.5748432,2.5748432,2.5748432,2.5748432,2.3312335,2.3312335,2.3312335,2.3312335,1.1594844,1.1594844,1.1594844,1.1594844,2.319915,2.319915,2.319915,2.319915,1.2405318,1.2405318,1.2405318,1.2405318,1.3595197,1.3595197,1.3595197,1.3595197,1.2983955,1.2983955,1.2983955,1.2983955,2.596143,2.596143,2.596143,2.596143,2.5384002,2.5384002,2.5384002,2.5384002,2.2496133,2.2496133,2.2496133,2.2496133,2.143221,2.143221,2.143221,2.143221,1.1474432,1.1474432,1.1474432,1.1474432,1.3612258,1.3612258,1.3612258,1.3612258,1.3621621,1.3621621,1.3621621,1.3621621,1.1185845,1.1185845,1.1185845,1.1185845,1.4674163,1.4674163,1.4674163,1.4674163,1.6861508,1.6861508,1.6861508,1.6861508,1.6597586,1.6597586,1.6597586,1.6597586
0.6,0.6,0.6,0.6,0.6,0.6,0.6,0.6,0.6,0.6,0.6,0.6,0.6,0.6,0.6,0.6,0.6924378,0.6924378,0.6924378,0.6924378,1.235382,1.235382,1.235382,1.235382,0.7504476,0.7504476,0.7504476,0.7504476,1.1018656,1.1018656,1.1018656,1.1018656,1.5776037,1.5776037,1.5776037,1.5776037,2.7533216,2.7533216,2.7533216,2.7533216,2.6287868,2.6287868,2.6287868,2.6287868,2.5359986,2.5359986,2.5359986,2.5359986,2.5748432,2.5748432,2.5748432,2.5748432,2.3312335,2.3312335,2.3312335,2.3312335,1.1594844,1.1594844,1.1594844,1.1594844,2.319915,2.319915,2.319915,2.319915,1.2405318,1.2405318,1.2405318,1.2405318,1.3595197,1.3595197,1.3595197,1.3595197,1.2983955,1.2983955,1.2983955,1.2983955,2.596143,2.596143,2.596143,2.596143,2.5384002,2.5384002,2.5384002,2.5384002,2.2496133,2.2496133,2.2496133,2.2496133,2.143221,2.143221,2.143221,2.143221,1.1474432,1.1474432,1.1474432,1.1474432,1.3612258,1.3612258,1.3612258,1.3612258,1.3621621,1.3621621,1.3621621,1.3621621,1.1185845,1.1185845,1.1185845,1.1185845,1.4674163,1.4674163,1.4674163,1.4674163,1.6861508,1.6861508,1.6861508,1.6861508,1.6597586,1.6597586,1.6597586,1.6597586
0.6,0.6,0.6,0.6,0.6,0.6,0.6,0.6,0.6,0.6,0.6,0.6,0.6,0.6,0.6,0.6,0.6924378,0.6924378,0.6924378,0.6924378,1.235382,1.235382,1.235382,1.235382,0.7504476,0.7504476,0.7504476,0.7504476,1.1018656,1.1018656,1.1018656,1.1018656,1.5776037,1.5776037,1.5776037,1.5776037,2.7533216,2.7533216,2.7533216,2.7533216,2.6287868,2.6287868,2.6287868,2.6287868,2.5359986,2.5359986,2.5359986,2.5359986,2.5748432,2.5748432,2.5748432,2.5748432,2.3312335,2.3312335,2.3312335,2.3312335,1.1594844,1.1594844,1.1594844,1.1594844,2.319915,2.319915,2.319915,2.319915,1.2405318,1.2405318,1.2405318,1.2405318,1.3595197,1.3595197,1.3595197,1.3595197,1.2983955,1.2983955,1.2983955,1.2983955,2.596143,2.596143,2.596143,2.596143,2.5384002,2.5384002,2.5384002,2.5384002,2.2496133,2.2496133,2.2496133,2.2496133,2.143221,2.143221,2.143221,2.143221,1.1474432,1.1474432,1.1474432,1.1474432,1.3612258,1.3612258,1.3612258,1.3612258,1.3621621,1.3621621,1.3621621,1.3621621,1.1185845,1.1185845,1.1185845,1.1185845,1.4674163,1.4674163,1.4674163,1.4674163,1.6861508,1.6861508,1.6861508,1.6861508,1.6597586,1.6597586,1.6597586,1.6597586
0.6,0.6,0.6,0.6,0.6,0.6,0.6,0.6,0.6,0.6,0.6,0.6,0.6,0.6,0.6,0.6,0.6924378,0.6924378,0.6924378,0.6924378,1.235382,1.235382,1.235382,1.235382,0.7504476,0.7504476,0.7504476,0.7504476,1.1018656,1.1018656,1.1018656,1.1018656,1.5776037,1.5776037,1.5776037,1.5776037,2.7533216,2.7533216,2.7533216,2.7533216,2.6287868,2.6287868,2.6287868,2.6287868,2.5359986,2.5359986,2.5359986,2.5359986,2.5748432,2.5748432,2.5748432,2.5748432,2.3312335,2.3312335,2.3312335,2.3312335,1.1594844,1.1594844,1.1594844,1.1594844,2.319915,2.319915,2.319915,2.319915,1.2405318,1.2405318,1.2405318,1.2405318,1.3595197,1.3595197,1.3595197,1.3595197,1.2983955,1.2983955,1.2983955,1.2983955,2.596143,2.596143,2.596143,2.596143,2.5384002,2.5384002,2.5384002,2.5384002,2.2496133,2.2496133,2.2496133,2.2496133,2.143221,2.143221,2.143221,2.143221,1.1474432,1.1474432,1.1474432,1.1474432,1.3612258,1.3612258,1.3612258,1.3612258,1.3621621,1.3621621,1.3621621,1.3621621,1.1185845,1.1185845,1.1185845,1.1185845,1.4674163,1.4674163,1.4674163,1.4674163,1.6861508,1.6861508,1.6861508,1.6861508,1.6597586,1.6597586,1.6597586,1.6597586
0.635408,0.635408,0.635408,0.635408,0.9518894,0.9518894,0.9518894,0.9518894,1.0620856,1.0620856,1.0620856,1.0620856,1.2539619,1.2539619,1.2539619,1.2539619,1.2842898,1.2842898,1.2842898,1.2842898,0.78436404,0.78436404,0.78436404,0.78436404,1.4002618,1.4002618,1.4002618,1.4002618,1.0008007,1.0008007,1.0008007,1.0008007,1.6246094,1.6246094,1.6246094,1.6246094,2.4322658,2.4322658,2.4322658,2.4322658,2.6469977,2.6469977,2.6469977,2.6469977,1.9592856,1.9592856,1.9592856,1.9592856,1.5286599,1.5286599,1.5286599,1.5286599,1.5036259,1.5036259,1.5036259,1.5036259,1.4881506,1.4881506,1.4881506,1.4881506,2.2966413,2.2966413,2.2966413,2.2966413,1.5896412,1.5896412,1.5896412,1.5896412,1.7794284,1.7794284,1.7794284,1.7794284,1.1372123,1.1372123,1.1372123,1.1372123,1.5387529,1.5387529,1.5387529,1.5387529,1.8782434,1.8782434,1.8782434,1.8782434,2.164346,2.164346,2.164346,2.164346,1.686499,1.686499,1.686499,1.686499,1.6817786,1.6817786,1.6817786,1.6817786,1.5295576,1.5295576,1.5295576,1.5295576,1.7488472,1.7488472,1.7488472,1.7488472,1.7069198,1.7069198,1.7069198,1.7069198,1.6372054,1.6372054,1.6372054,1.6372054,1.4694027,1.4694027,1.4694027,1.4694027,1.4837958,1.4837958,1.4837958,1.4837958
0.635408,0.635408,0.635408,0.635408,0.9518894,0.9518894,0.9518894,0.9518894,1.0620856,1.0620856,1.0620856,1.0620856,1.2539619,1.2539619,1.2539619,1.2539619,1.2842898,1.2842898,1.2842898,1.2842898,0.78436404,0.78436404,0.78436404,0.78436404,1.4002618,1.4002618,1.4002618,1.4002618,1.0008007,1.0008007,1.0008007,1.0008007,1.6246094,1.6246094,1.6246094,1.6246094,2.4322658,2.4322658,2.4322658,2.4322658,2.6469977,2.6469977,2.6469977,2.6469977,1.9592856,1.9592856,1.9592856,1.9592856,1.5286599,1.5286599,1.5286599,1.5286599,1.5036259,1.5036259,1.5036259,1.5036259,1.4881506,1.4881506,1.4881506,1.4881506,2.2966413,2.2966413,2.2966413,2.2966413,1.5896412,1.5896412,1.5896412,1.5896412,1.7794284,1.7794284,1.7794284,1.7794284,1.1372123,1.1372123,1.1372123,1.1372123,1.5387529,1.5387529,1.5387529,1.5387529,1.8782434,1.8782434,1.8782434,1.8782434,2.164346,2.164346,2.164346,2.164346,1.686499,1.686499,1.686499,1.686499,1.6817786,1.6817786,1.6817786,1.6817786,1.5295576,1.5295576,1.5295576,1.5295576,1.7488472,1.7488472,1.7488472,1.7488472,1.7069198,1.7069198,1.7069198,1.7069198,1.6372054,1.6372054,1.6372054,1.6372054,1.4694027,1.4694027,1.4694027,1.4694027,1.4837958,1.4837958,1.4837958,1.4837958
0.635408,0.635408,0.635408,0.635408,0.9518894,0.9518894,0.9518894,0.9518894,1.0620856,1.0620856,1.0620856,1.0620856,1.2539619,1.2539619,1.2539619,1.2539619,1.2842898,1.2842898,1.2842898,1.2842898,0.78436404,0.78436404,0.78436404,0.78436404,1.4002618,1.4002618,1.4002618,1.4002618,1.0008007,1.0008007,1.0008007,1.0008007,1.6246094,1.6246094,1.6246094,1.6246094,2.4322658,2.4322658,2.4322658,2.4322658,2.6469977,2.6469977,2.6469977,2.6469977,1.9592856,1.9592856,1.9592856,1.9592856,1.5286599,1.5286599,1.5286599,1.5286599,1.5036259,1.5036259,1.5036259,1.5036259,1.4881506,1.4881506,1.4881506,1.4881506,2.2966413,2.2966413,2.2966413,2.2966413,1.5896412,1.5896412,1.5896412,1.5896412,1.7794284,1.7794284,1.7794284,1.7794284,1.1372123,1.1372123,1.1372123,1.1372123,1.5387529,1.5387529,1.5387529,1.5387529,1.8782434,1.8782434,1.8782434,1.8782434,2.164346,2.164346,2.164346,2.164346,1.686499,1.686499,1.686499,1.686499,1.6817786,1.6817786,1.6817786,1.6817786,1.5295576,1.5295576,1.5295576,1.5295576,1.7488472,1.7488472,1.7488472,1.7488472,1.7069198,1.7069198,1.7069198,1.7069198,1.6372054,1.6372054,1.6372054,1.6372054,1.4694027,1.4694027,1.4694027,1.4694027,1.4837958,1.4837958,1.4837958,1.4837958
0.635408,0.635408,0.635408,0.635408,0.9518894,0.9518894,0.9518894,0.9518894,1.0620856,1.0620856,1.0620856,1.0620856,1.2539619,1.2539619,1.2539619,1.2539619,1.2842898,1.2842898,1.2842898,1.2842898,0.78436404,0.78436404,0.78436404,0.78436404,1.4002618,1.4002618,1.4002618,1.4002618,1.0008007,1.0008007,1.0008007,1.0008007,1.6246094,1.6246094,1.6246094,1.6246094,2.4322658,2.4322658,2.4322658,2.4322658,2.6469977,2.6469977,2.6469977,2.6469977,1.9592856,1.9592856,1.9592856,1.9592856,1.5286599,1.5286599,1.5286599,1.5286599,1.5036259,1.5036259,1.5036259,1.5036259,1.4881506,1.4881506,1.4881506,1.4881506,2.2966413,2.2966413,2.2966413,2.2966413,1.5896412,1.5896412,1.5896412,1.5896412,1.7794284,1.7794284,1.7794284,1.7794284,1.1372123,1.1372123,1.1372123,1.1372123,1.5387529,1.5387529,1.5387529,1.5387529,1.8782434,1.8782434,1.8782434,1.8782434,2.164346,2.164346,2.164346,2.164346,1.686499,1.686499,1.686499,1.686499,1.6817786,1.6817786,1.6817786,1.6817786,1.5295576,1.5295576,1.5295576,1.5295576,1.7488472,1.7488472,1.7488472,1.7488472,1.7069198,1.7069198,1.7069198,1.7069198,1.6372054,1.6372054,1.6372054,1.6372054,1.4694027,1.4694027,1.4694027,1.4694027,1.4837958,1.4837958,1.4837958,1.4837958
