0.6,0.6,0.6,0.6,0.6,0.6,0.6,0.6,0.6,0.6,0.6,0.6,0.6,0.6,0.6,0.6,0.6,0.6,0.6,0.6,0.6,0.6,0.6,0.6,0.6,0.6,0.6,0.6,0.6,0.6,0.6,0.6,0.6,0.6,0.6,0.6,0.6,0.6,0.6,0.6,0.6,0.6,0.6,0.6,0.6,0.6,0.6,0.6,0.6,0.6,0.6,0.6,0.6,0.6,0.6,0.6,0.6,0.6,0.6,0.6,0.6,0.6,0.6,0.6,0.6,0.6,0.6,0.6,0.6,0.6,0.6,0.6,0.6,0.6,0.6,0.6,0.6,0.6,0.6,0.6,0.6,0.6,0.6,0.6,0.6,0.6,0.6,0.6,0.6,0.6,0.6,0.6,0.6,0.6,0.6,0.6,0.6,0.6,0.6,0.6,0.6,0.6,0.6,0.6,0.6,0.6,0.6,0.6,0.6,0.6,0.6,0.6,0.6,0.6,0.6,0.6,0.6,0.6,0.6,0.6
0.6,0.6,0.6,0.6,0.6,0.6,0.6,0.6,0.6,0.6,0.6,0.6,0.6,0.6,0.6,0.6,0.6,0.6,0.6,0.6,0.6,0.6,0.6,0.6,0.6,0.6,0.6,0.6,0.6,0.6,0.6,0.6,0.6,0.6,0.6,0.6,0.6,0.6,0.6,0.6,0.6,0.6,0.6,0.6,0.6,0.6,0.6,0.6,0.6,0.6,0.6,0.6,0.6,0.6,0.6,0.6,0.6,0.6,0.6,0.6,0.6,0.6,0.6,0.6,0.6,0.6,0.6,0.6,0.6,0.6,0.6,0.6,0.6,0.6,0.6,0.6,0.6,0.6,0.6,0.6,0.6,0.6,0.6,0.6,0.6,0.6,0.6,0.6,0.6,0.6,0.6,0.6,0.6,0.6,0.6,0.6,0.6,0.6,0.6,0.6,0.6,0.6,0.6,0.6,0.6,0.6,0.6,0.6,0.6,0.6,0.6,0.6,0.6,0.6,0.6,0.6,0.6,0.6,0.6,0.6
0.6,0.6,0.6,0.6,0.6,0.6,0.6,0.6,0.6,0.6,0.6,0.6,0.6,0.6,0.6,0.6,0.6,0.6,0.6,0.6,0.6,0.6,0.6,0.6,0.6,0.6,0.6,0.6,0.6,0.6,0.6,0.6,0.6,0.6,0.6,0.6,0.6,0.6,0.6,0.6,0.6,0.6,0.6,0.6,0.6,0.6,0.6,0.6,0.6,0.6,0.6,0.6,0.6,0.6,0.6,0.6,0.6,0.6,0.6,0.6,0.6,0.6,0.6,0.6,0.6,0.6,0.6,0.6,0.6,0.6,0.6,0.6,0.6,0.6,0.6,0.6,0.6,0.6,0.6,0.6,0.6,0.6,0.6,0.6,0.6,0.6,0.6,0.6,0.6,0.6,0.6,0.6,0.6,0.6,0.6,0.6,0.6,0.6,0.6,0.6,0.6,0.6,0.6,0.6,0.6,0.6,0.6,0.6,0.6,0.6,0.6,0.6,0.6,0.6,0.6,0.6,0.6,0.6,0.6,0.6
0.6,0.6,0.6,0.6,0.6,0.6,0.6,0.6,0.6,0.6,0.6,0.6,0.6,0.6,0.6,0.6,0.6,0.6,0.6,0.6,0.6,0.6,0.6,0.6,0.6,0.6,0.6,0.6,0.6,0.6,0.6,0.6,0.6,0.6,0.6,0.6,0.6,0.6,0.6,0.6,0.6,0.6,0.6,0.6,0.6,0.6,0.6,0.6,0.6,0.6,0.6,0.6,0.6,0.6,0.6,0.6,0.6,0.6,0.6,0.6,0.6,0.6,0.6,0.6,0.6,0.6,0.6,0.6,0.6,0.6,0.6,0.6,0.6,0.6,0.6,0.6,0.6,0.6,0.6,0.6,0.6,0.6,0.6,0.6,0.6,0.6,0.6,0.6,0.6,0.6,0.6,0.6,0.6,0.6,0.6,0.6,0.6,0.6,0.6,0.6,0.6,0.6,0.6,0.6,0.6,0.6,0.6,0.6,0.6,0.6,0.6,0.6,0.6,0.6,0.6,0.6,0.6,0.6,0.6,0.6
0.6,0.6,0.6,0.6,0.6,0.6,0.6,0.6,0.6,0.6,0.6,0.6,0.6,0.6,0.6,0.6,0.6,0.6,0.6,0.6,0.6,0.6,0.6,0.6,0.6,0.6,0.6,0.6,0.6,0.6,0.6,0.6,0.6,0.6,0.6,0.6,0.6,0.6,0.6,0.6,0.6,0.6,0.6,0.6,0.6,0.6,0.6,0.6,0.6,0.6,0.6,0.6,0.6,0.6,0.6,0.6,0.6,0.6,0.6,0.6,0.6,0.6,0.6,0.6,0.6,0.6,0.6,0.6,0.6,0.6,0.6,0.6,0.6,0.6,0.6,0.6,0.6,0.6,0.6,0.6,0.6,0.6,0.6,0.6,0.6,0.6,0.6,0.6,0.6,0.6,0.6,0.6,0.6,0.6,0.6,0.6,0.6,0.6,0.6,0.6,0.6,0.6,0.6,0.6,0.6,0.6,0.6,0.6,0.6,0.6,0.6,0.6,0.6,0.6,0.6,0.6,0.6,0.6,0.6,0.6
0.6,0.6,0.6,0.6,0.6,0.6,0.6,0.6,0.6,0.6,0.6,0.6,0.6,0.6,0.6,0.6,0.6,0.6,0.6,0.6,0.6,0.6,0.6,0.6,0.6,0.6,0.6,0.6,0.6,0.6,0.6,0.6,0.6,0.6,0.6,0.6,0.6,0.6,0.6,0.6,0.6,0.6,0.6,0.6,0.6,0.6,0.6,0.6,0.6,0.6,0.6,0.6,0.6,0.6,0.6,0.6,0.6,0.6,0.6,0.6,0.6,0.6,0.6,0.6,0.6,0.6,0.6,0.6,0.6,0.6,0.6,0.6,0.6,0.6,0.6,0.6,0.6,0.6,0.6,0.6,0.6,0.6,0.6,0.6,0.6,0.6,0.6,0.6,0.6,0.6,0.6,0.6,0.6,0.6,0.6,0.6,0.6,0.6,0.6,0.6,0.6,0.6,0.6,0.6,0.6,0.6,0.6,0.6,0.6,0.6,0.6,0.6,0.6,0.6,0.6,0.6,0.6,0.6,0.6,0.6
0.6,0.6,0.6,0.6,0.6,0.6,0.6,0.6,0.6,0.6,0.6,0.6,0.6,0.6,0.6,0.6,0.6,0.6,0.6,0.6,0.6,0.6,0.6,0.6,0.6,0.6,0.6,0.6,0.6,0.6,0.6,0.6,0.6,0.6,0.6,0.6,0.6,0.6,0.6,0.6,0.6,0.6,0.6,0.6,0.6,0.6,0.6,0.6,0.6,0.6,0.6,0.6,0.6,0.6,0.6,0.6,0.6,0.6,0.6,0.6,0.6,0.6,0.6,0.6,0.6,0.6,0.6,0.6,0.6,0.6,0.6,0.6,0.6,0.6,0.6,0.6,0.6,0.6,0.6,0.6,0.6,0.6,0.6,0.6,0.6,0.6,0.6,0.6,0.6,0.6,0.6,0.6,0.6,0.6,0.6,0.6,0.6,0.6,0.6,0.6,0.6,0.6,0.6,0.6,0.6,0.6,0.6,0.6,0.6,0.6,0.6,0.6,0.6,0.6,0.6,0.6,0.6,0.6,0.6,0.6
0.6,0.6,0.6,0.6,0.6,0.6,0.6,0.6,0.6,0.6,0.6,0.6,0.6,0.6,0.6,0.6,0.6,0.6,0.6,0.6,0.6,0.6,0.6,0.6,0.6,0.6,0.6,0.6,0.6,0.6,0.6,0.6,0.6,0.6,0.6,0.6,0.6,0.6,0.6,0.6,0.6,0.6,0.6,0.6,0.6,0.6,0.6,0.6,0.6,0.6,0.6,0.6,0.6,0.6,0.6,0.6,0.6,0.6,0.6,0.6,0.6,0.6,0.6,0.6,0.6,0.6,0.6,0.6,0.6,0.6,0.6,0.6,0.6,0.6,0.6,0.6,0.6,0.6,0.6,0.6,0.6,0.6,0.6,0.6,0.6,0.6,0.6,0.6,0.6,0.6,0.6,0.6,0.6,0.6,0.6,0.6,0.6,0.6,0.6,0.6,0.6,0.6,0.6,0.6,0.6,0.6,0.6,0.6,0.6,0.6,0.6,0.6,0.6,0.6,0.6,0.6,0.6,0.6,0.6,0.6
0.6,0.6,0.6,0.6,0.6,0.6,0.6,0.6,0.6,0.6,0.6,0.6,0.6,0.6,0.6,0.6,0.6,0.6,0.6,0.6,0.6,0.6,0.6,0.6,0.6,0.6,0.6,0.6,0.6,0.6,0.6,0.6,0.6,0.6,0.6,0.6,0.6,0.6,0.6,0.6,0.6,0.6,0.6,0.6,0.6,0.6,0.6,0.6,0.6,0.6,0.6,0.6,0.6,0.6,0.6,0.6,0.6,0.6,0.6,0.6,0.6,0.6,0.6,0.6,0.6,0.6,0.6,0.6,0.6,0.6,0.6,0.6,0.6,0.6,0.6,0.6,0.6,0.6,0.6,0.6,0.6,0.6,0.6,0.6,0.6,0.6,0.6,0.6,0.6,0.6,0.6,0.6,0.6,0.6,0.6,0.6,0.6,0.6,0.6,0.6,0.6,0.6,0.6,0.6,0.6,0.6,0.6,0.6,0.6,0.6,0.6,0.6,0.6,0.6,0.6,0.6,0.6,0.6,0.6,0.6
0.6,0.6,0.6,0.6,0.6,0.6,0.6,0.6,0.6,0.6,0.6,0.6,0.6,0.6,0.6,0.6,0.6,0.6,0.6,0.6,0.6,0.6,0.6,0.6,0.6,0.6,0.6,0.6,0.6,0.6,0.6,0.6,0.6,0.6,0.6,0.6,0.6,0.6,0.6,0.6,0.6,0.6,0.6,0.6,0.6,0.6,0.6,0.6,0.6,0.6,0.6,0.6,0.6,0.6,0.6,0.6,0.6,0.6,0.6,0.6,0.6,0.6,0.6,0.6,0.6,0.6,0.6,0.6,0.6,0.6,0.6,0.6,0.6,0.6,0.6,0.6,0.6,0.6,0.6,0.6,0.6,0.6,0.6,0.6,0.6,0.6,0.6,0.6,0.6,0.6,0.6,0.6,0.6,0.6,0.6,0.6,0.6,0.6,0.6,0.6,0.6,0.6,0.6,0.6,0.6,0.6,0.6,0.6,0.6,0.6,0.6,0.6,0.6,0.6,0.6,0.6,0.6,0.6,0.6,0.6
0.6,0.6,0.6,0.6,0.6,0.6,0.6,0.6,0.6,0.6,0.6,0.6,0.6,0.6,0.6,0.6,0.6,0.6,0.6,0.6,0.6,0.6,0.6,0.6,0.6,0.6,0.6,0.6,0.6,0.6,0.6,0.6,0.6,0.6,0.6,0.6,0.6,0.6,0.6,0.6,0.6,0.6,0.6,0.6,0.6,0.6,0.6,0.6,0.6,0.6,0.6,0.6,0.6,0.6,0.6,0.6,0.6,0.6,0.6,0.6,0.6,0.6,0.6,0.6,0.6,0.6,0.6,0.6,0.6,0.6,0.6,0.6,0.6,0.6,0.6,0.6,0.6,0.6,0.6,0.6,0.6,0.6,0.6,0.6,0.6,0.6,0.6,0.6,0.6,0.6,0.6,0.6,0.6,0.6,0.6,0.6,0.6,0.6,0.6,0.6,0.6,0.6,0.6,0.6,0.6,0.6,0.6,0.6,0.6,0.6,0.6,0.6,0.6,0.6,0.6,0.6,0.6,0.6,0.6,0.6
0.6,0.6,0.6,0.6,0.6,0.6,0.6,0.6,0.6,0.6,0.6,0.6,0.6,0.6,0.6,0.6,0.6,0.6,0.6,0.6,0.6,0.6,0.6,0.6,0.6,0.6,0.6,0.6,0.6,0.6,0.6,0.6,0.6,0.6,0.6,0.6,0.6,0.6,0.6,0.6,0.6,0.6,0.6,0.6,0.6,0.6,0.6,0.6,0.6,0.6,0.6,0.6,0.6,0.6,0.6,0.6,0.6,0.6,0.6,0.6,0.6,0.6,0.6,0.6,0.6,0.6,0.6,0.6,0.6,0.6,0.6,0.6,0.6,0.6,0.6,0.6,0.6,0.6,0.6,0.6,0.6,0.6,0.6,0.6,0.6,0.6,0.6,0.6,0.6,0.6,0.6,0.6,0.6,0.6,0.6,0.6,0.6,0.6,0.6,0.6,0.6,0.6,0.6,0.6,0.6,0.6,0.6,0.6,0.6,0.6,0.6,0.6,0.6,0.6,0.6,0.6,0.6,0.6,0.6,0.6
0.6,0.6,0.6,0.6,0.6,0.6,0.6,0.6,0.6,0.6,0.6,0.6,0.6,0.6,0.6,0.6,0.6,0.6,0.6,0.6,0.6,0.6,0.6,0.6,0.6,0.6,0.6,0.6,0.6,0.6,0.6,0.6,0.6,0.6,0.6,0.6,0.6,0.6,0.6,0.6,0.6,0.6,0.6,0.6,0.6,0.6,0.6,0.6,0.6,0.6,0.6,0.6,0.6,0.6,0.6,0.6,0.6,0.6,0.6,0.6,0.6,0.6,0.6,0.6,0.6,0.6,0.6,0.6,0.6,0.6,0.6,0.6,0.6,0.6,0.6,0.6,0.6,0.6,0.6,0.6,0.6,0.6,0.6,0.6,0.6,0.6,0.6,0.6,0.6,0.6,0.6,0.6,0.6,0.6,0.6,0.6,0.6,0.6,0.6,0.6,0.6,0.6,0.6,0.6,0.6,0.6,0.6,0.6,0.6,0.6,0.6,0.6,0.6,0.6,0.6,0.6,0.6,0.6,0.6,0.6
0.6,0.6,0.6,0.6,0.6,0.6,0.6,0.6,0.6,0.6,0.6,0.6,0.6,0.6,0.6,0.6,0.6,0.6,0.6,0.6,0.6,0.6,0.6,0.6,0.6,0.6,0.6,0.6,0.6,0.6,0.6,0.6,0.6,0.6,0.6,0.6,0.6,0.6,0.6,0.6,0.6,0.6,0.6,0.6,0.6,0.6,0.6,0.6,0.6,0.6,0.6,0.6,0.6,0.6,0.6,0.6,0.6,0.6,0.6,0.6,0.6,0.6,0.6,0.6,0.6,0.6,0.6,0.6,0.6,0.6,0.6,0.6,0.6,0.6,0.6,0.6,0.6,0.6,0.6,0.6,0.6,0.6,0.6,0.6,0.6,0.6,0.6,0.6,0.6,0.6,0.6,0.6,0.6,0.6,0.6,0.6,0.6,0.6,0.6,0.6,0.6,0.6,0.6,0.6,0.6,0.6,0.6,0.6,0.6,0.6,0.6,0.6,0.6,0.6,0.6,0.6,0.6,0.6,0.6,0.6
0.6,0.6,0.6,0.6,0.6,0.6,0.6,0.6,0.6,0.6,0.6,0.6,0.6,0.6,0.6,0.6,0.6,0.6,0.6,0.6,0.6,0.6,0.6,0.6,0.6,0.6,0.6,0.6,0.6,0.6,0.6,0.6,0.6,0.6,0.6,0.6,0.6,0.6,0.6,0.6,0.6,0.6,0.6,0.6,0.6,0.6,0.6,0.6,0.6,0.6,0.6,0.6,0.6,0.6,0.6,0.6,0.6,0.6,0.6,0.6,0.6,0.6,0.6,0.6,0.6,0.6,0.6,0.6,0.6,0.6,0.6,0.6,0.6,0.6,0.6,0.6,0.6,0.6,0.6,0.6,0.6,0.6,0.6,0.6,0.6,0.6,0.6,0.6,0.6,0.6,0.6,0.6,0.6,0.6,0.6,0.6,0.6,0.6,0.6,0.6,0.6,0.6,0.6,0.6,0.6,0.6,0.6,0.6,0.6,0.6,0.6,0.6,0.6,0.6,0.6,0.6,0.6,0.6,0.6,0.6
0.6,0.6,0.6,0.6,0.6,0.6,0.6,0.6,0.6,0.6,0.6,0.6,0.6,0.6,0.6,0.6,0.6,0.6,0.6,0.6,0.6,0.6,0.6,0.6,0.6,0.6,0.6,0.6,0.6,0.6,0.6,0.6,0.6,0.6,0.6,0.6,0.6,0.6,0.6,0.6,0.6,0.6,0.6,0.6,0.6,0.6,0.6,0.6,0.6,0.6,0.6,0.6,0.6,0.6,0.6,0.6,0.6,0.6,0.6,0.6,0.6,0.6,0.6,0.6,0.6,0.6,0.6,0.6,0.6,0.6,0.6,0.6,0.6,0.6,0.6,0.6,0.6,0.6,0.6,0.6,0.6,0.6,0.6,0.6,0.6,0.6,0.6,0.6,0.6,0.6,0.6,0.6,0.6,0.6,0.6,0.6,0.6,0.6,0.6,0.6,0.6,0.6,0.6,0.6,0.6,0.6,0.6,0.6,0.6,0.6,0.6,0.6,0.6,0.6,0.6,0.6,0.6,0.6,0.6,0.6
0.6,0.6,0.6,0.6,0.6,0.6,0.6,0.6,0.6,0.6,0.6,0.6,0.6,0.6,0.6,0.6,0.6,0.6,0.6,0.6,0.6,0.6,0.6,0.6,0.6,0.6,0.6,0.6,0.6,0.6,0.6,0.6,0.6,0.6,0.6,0.6,0.6,0.6,0.6,0.6,0.6,0.6,0.6,0.6,0.6,0.6,0.6,0.6,0.6,0.6,0.6,0.6,0.6,0.6,0.6,0.6,0.6,0.6,0.6,0.6,1.0938721,1.0938721,1.0938721,1.0938721,0.6,0.6,0.6,0.6,0.6,0.6,0.6,0.6,0.6,0.6,0.6,0.6,0.6,0.6,0.6,0.6,0.6,0.6,0.6,0.6,0.6,0.6,0.6,0.6,0.6,0.6,0.6,0.6,0.6,0.6,0.6,0.6,0.6,0.6,0.6,0.6,0.6,0.6,0.6,0.6,0.6,0.6,0.6,0.6,0.6,0.6,0.6,0.6,0.6,0.6,0.6,0.6,0.6,0.6,0.6,0.6
0.6,0.6,0.6,0.6,0.6,0.6,0.6,0.6,0.6,0.6,0.6,0.6,0.6,0.6,0.6,0.6,0.6,0.6,0.6,0.6,0.6,0.6,0.6,0.6,0.6,0.6,0.6,0.6,0.6,0.6,0.6,0.6,0.6,0.6,0.6,0.6,0.6,0.6,0.6,0.6,0.6,0.6,0.6,0.6,0.6,0.6,0.6,0.6,0.6,0.6,0.6,0.6,0.6,0.6,0.6,0.6,0.6,0.6,0.6,0.6,1.0938721,1.0938721,1.0938721,1.0938721,0.6,0.6,0.6,0.6,0.6,0.6,0.6,0.6,0.6,0.6,0.6,0.6,0.6,0.6,0.6,0.6,0.6,0.6,0.6,0.6,0.6,0.6,0.6,0.6,0.6,0.6,0.6,0.6,0.6,0.6,0.6,0.6,0.6,0.6,0.6,0.6,0.6,0.6,0.6,0.6,0.6,0.6,0.6,0.6,0.6,0.6,0.6,0.6,0.6,0.6,0.6,0.6,0.6,0.6,0.6,0.6
0.6,0.6,0.6,0.6,0.6,0.6,0.6,0.6,0.6,0.6,0.6,0.6,0.6,0.6,0.6,0.6,0.6,0.6,0.6,0.6,0.6,0.6,0.6,0.6,0.6,0.6,0.6,0.6,0.6,0.6,0.6,0.6,0.6,0.6,0.6,0.6,0.6,0.6,0.6,0.6,0.6,0.6,0.6,0.6,0.6,0.6,0.6,0.6,0.6,0.6,0.6,0.6,0.6,0.6,0.6,0.6,0.6,0.6,0.6,0.6,1.0938721,1.0938721,1.0938721,1.0938721,0.6,0.6,0.6,0.6,0.6,0.6,0.6,0.6,0.6,0.6,0.6,0.6,0.6,0.6,0.6,0.6,0.6,0.6,0.6,0.6,0.6,0.6,0.6,0.6,0.6,0.6,0.6,0.6,0.6,0.6,0.6,0.6,0.6,0.6,0.6,0.6,0.6,0.6,0.6,0.6,0.6,0.6,0.6,0.6,0.6,0.6,0.6,0.6,0.6,0.6,0.6,0.6,0.6,0.6,0.6,0.6
0.6,0.6,0.6,0.6,0.6,0.6,0.6,0.6,0.6,0.6,0.6,0.6,0.6,0.6,0.6,0.6,0.6,0.6,0.6,0.6,0.6,0.6,0.6,0.6,0.6,0.6,0.6,0.6,0.6,0.6,0.6,0.6,0.6,0.6,0.6,0.6,0.6,0.6,0.6,0.6,0.6,0.6,0.6,0.6,0.6,0.6,0.6,0.6,0.6,0.6,0.6,0.6,0.6,0.6,0.6,0.6,0.6,0.6,0.6,0.6,1.0938721,1.0938721,1.0938721,1.0938721,0.6,0.6,0.6,0.6,0.6,0.6,0.6,0.6,0.6,0.6,0.6,0.6,0.6,0.6,0.6,0.6,0.6,0.6,0.6,0.6,0.6,0.6,0.6,0.6,0.6,0.6,0.6,0.6,0.6,0.6,0.6,0.6,0.6,0.6,0.6,0.6,0.6,0.6,0.6,0.6,0.6,0.6,0.6,0.6,0.6,0.6,0.6,0.6,0.6,0.6,0.6,0.6,0.6,0.6,0.6,0.6
0.6,0.6,0.6,0.6,0.6,0.6,0.6,0.6,0.6,0.6,0.6,0.6,0.6,0.6,0.6,0.6,0.6,0.6,0.6,0.6,0.6,0.6,0.6,0.6,0.6,0.6,0.6,0.6,0.6,0.6,0.6,0.6,0.6,0.6,0.6,0.6,0.6,0.6,0.6,0.6,0.6,0.6,0.6,0.6,0.6,0.6,0.6,0.6,0.6,0.6,0.6,0.6,0.6,0.6,0.6,0.6,0.6,0.6,0.6,0.6,1.5491545,1.5491545,1.5491545,1.5491545,0.6,0.6,0.6,0.6,0.6,0.6,0.6,0.6,0.6,0.6,0.6,0.6,0.6,0.6,0.6,0.6,0.6,0.6,0.6,0.6,0.6,0.6,0.6,0.6,0.6,0.6,0.6,0.6,0.6,0.6,0.6,0.6,0.6,0.6,0.6,0.6,0.6,0.6,0.6,0.6,0.6,0.6,0.6,0.6,0.6,0.6,0.6,0.6,0.6,0.6,0.6,0.6,0.6,0.6,0.6,0.6
0.6,0.6,0.6,0.6,0.6,0.6,0.6,0.6,0.6,0.6,0.6,0.6,0.6,0.6,0.6,0.6,0.6,0.6,0.6,0.6,0.6,0.6,0.6,0.6,0.6,0.6,0.6,0.6,0.6,0.6,0.6,0.6,0.6,0.6,0.6,0.6,0.6,0.6,0.6,0.6,0.6,0.6,0.6,0.6,0.6,0.6,0.6,0.6,0.6,0.6,0.6,0.6,0.6,0.6,0.6,0.6,0.6,0.6,0.6,0.6,1.5491545,1.5491545,1.5491545,1.5491545,0.6,0.6,0.6,0.6,0.6,0.6,0.6,0.6,0.6,0.6,0.6,0.6,0.6,0.6,0.6,0.6,0.6,0.6,0.6,0.6,0.6,0.6,0.6,0.6,0.6,0.6,0.6,0.6,0.6,0.6,0.6,0.6,0.6,0.6,0.6,0.6,0.6,0.6,0.6,0.6,0.6,0.6,0.6,0.6,0.6,0.6,0.6,0.6,0.6,0.6,0.6,0.6,0.6,0.6,0.6,0.6
0.6,0.6,0.6,0.6,0.6,0.6,0.6,0.6,0.6,0.6,0.6,0.6,0.6,0.6,0.6,0.6,0.6,0.6,0.6,0.6,0.6,0.6,0.6,0.6,0.6,0.6,0.6,0.6,0.6,0.6,0.6,0.6,0.6,0.6,0.6,0.6,0.6,0.6,0.6,0.6,0.6,0.6,0.6,0.6,0.6,0.6,0.6,0.6,0.6,0.6,0.6,0.6,0.6,0.6,0.6,0.6,0.6,0.6,0.6,0.6,1.5491545,1.5491545,1.5491545,1.5491545,0.6,0.6,0.6,0.6,0.6,0.6,0.6,0.6,0.6,0.6,0.6,0.6,0.6,0.6,0.6,0.6,0.6,0.6,0.6,0.6,0.6,0.6,0.6,0.6,0.6,0.6,0.6,0.6,0.6,0.6,0.6,0.6,0.6,0.6,0.6,0.6,0.6,0.6,0.6,0.6,0.6,0.6,0.6,0.6,0.6,0.6,0.6,0.6,0.6,0.6,0.6,0.6,0.6,0.6,0.6,0.6
0.6,0.6,0.6,0.6,0.6,0.6,0.6,0.6,0.6,0.6,0.6,0.6,0.6,0.6,0.6,0.6,0.6,0.6,0.6,0.6,0.6,0.6,0.6,0.6,0.6,0.6,0.6,0.6,0.6,0.6,0.6,0.6,0.6,0.6,0.6,0.6,0.6,0.6,0.6,0.6,0.6,0.6,0.6,0.6,0.6,0.6,0.6,0.6,0.6,0.6,0.6,0.6,0.6,0.6,0.6,0.6,0.6,0.6,0.6,0.6,1.5491545,1.5491545,1.5491545,1.5491545,0.6,0.6,0.6,0.6,0.6,0.6,0.6,0.6,0.6,0.6,0.6,0.6,0.6,0.6,0.6,0.6,0.6,0.6,0.6,0.6,0.6,0.6,0.6,0.6,0.6,0.6,0.6,0.6,0.6,0.6,0.6,0.6,0.6,0.6,0.6,0.6,0.6,0.6,0.6,0.6,0.6,0.6,0.6,0.6,0.6,0.6,0.6,0.6,0.6,0.6,0.6,0.6,0.6,0.6,0.6,0.6
0.6,0.6,0.6,0.6,0.6,0.6,0.6,0.6,0.62796056,0.62796056,0.62796056,0.62796056,0.8421591,0.8421591,0.8421591,0.8421591,0.6,0.6,0.6,0.6,0.6,0.6,0.6,0.6,0.6,0.6,0.6,0.6,0.6,0.6,0.6,0.6,0.6,0.6,0.6,0.6,0.6,0.6,0.6,0.6,1.0696087,1.0696087,1.0696087,1.0696087,0.6,0.6,0.6,0.6,1.0378935,1.0378935,1.0378935,1.0378935,1.0904436,1.0904436,1.0904436,1.0904436,0.6,0.6,0.6,0.6,1.6823516,1.6823516,1.6823516,1.6823516,0.6,0.6,0.6,0.6,0.6,0.6,0.6,0.6,0.6,0.6,0.6,0.6,0.6,0.6,0.6,0.6,0.6,0.6,0.6,0.6,0.6,0.6,0.6,0.6,0.6,0.6,0.6,0.6,0.6,0.6,0.6,0.6,0.6,0.6,0.6,0.6,0.6,0.6,0.6,0.6,0.6,0.6,0.6,0.6,0.6,0.6,0.6,0.6,0.6,0.6,0.6,0.6,0.6,0.6,0.6,0.6
0.6,0.6,0.6,0.6,0.6,0.6,0.6,0.6,0.62796056,0.62796056,0.62796056,0.62796056,0.8421591,0.8421591,0.8421591,0.8421591,0.6,0.6,0.6,0.6,0.6,0.6,0.6,0.6,0.6,0.6,0.6,0.6,0.6,0.6,0.6,0.6,0.6,0.6,0.6,0.6,0.6,0.6,0.6,0.6,1.0696087,1.0696087,1.0696087,1.0696087,0.6,0.6,0.6,0.6,1.0378935,1.0378935,1.0378935,1.0378935,1.0904436,1.0904436,1.0904436,1.0904436,0.6,0.6,0.6,0.6,1.6823516,1.6823516,1.6823516,1.6823516,0.6,0.6,0.6,0.6,0.6,0.6,0.6,0.6,0.6,0.6,0.6,0.6,0.6,0.6,0.6,0.6,0.6,0.6,0.6,0.6,0.6,0.6,0.6,0.6,0.6,0.6,0.6,0.6,0.6,0.6,0.6,0.6,0.6,0.6,0.6,0.6,0.6,0.6,0.6,0.6,0.6,0.6,0.6,0.6,0.6,0.6,0.6,0.6,0.6,0.6,0.6,0.6,0.6,0.6,0.6,0.6
0.6,0.6,0.6,0.6,0.6,0.6,0.6,0.6,0.62796056,0.62796056,0.62796056,0.62796056,0.8421591,0.8421591,0.8421591,0.8421591,0.6,0.6,0.6,0.6,0.6,0.6,0.6,0.6,0.6,0.6,0.6,0.6,0.6,0.6,0.6,0.6,0.6,0.6,0.6,0.6,0.6,0.6,0.6,0.6,1.0696087,1.0696087,1.0696087,1.0696087,0.6,0.6,0.6,0.6,1.0378935,1.0378935,1.0378935,1.0378935,1.0904436,1.0904436,1.0904436,1.0904436,0.6,0.6,0.6,0.6,1.6823516,1.6823516,1.6823516,1.6823516,0.6,0.6,0.6,0.6,0.6,0.6,0.6,0.6,0.6,0.6,0.6,0.6,0.6,0.6,0.6,0.6,0.6,0.6,0.6,0.6,0.6,0.6,0.6,0.6,0.6,0.6,0.6,0.6,0.6,0.6,0.6,0.6,0.6,0.6,0.6,0.6,0.6,0.6,0.6,0.6,0.6,0.6,0.6,0.6,0.6,0.6,0.6,0.6,0.6,0.6,0.6,0.6,0.6,0.6,0.6,0.6
0.6,0.6,0.6,0.6,0.6,0.6,0.6,0.6,0.62796056,0.62796056,0.62796056,0.62796056,0.8421591,0.8421591,0.8421591,0.8421591,0.6,0.6,0.6,0.6,0.6,0.6,0.6,0.6,0.6,0.6,0.6,0.6,0.6,0.6,0.6,0.6,0.6,0.6,0.6,0.6,0.6,0.6,0.6,0.6,1.0696087,1.0696087,1.0696087,1.0696087,0.6,0.6,0.6,0.6,1.0378935,1.0378935,1.0378935,1.0378935,1.0904436,1.0904436,1.0904436,1.0904436,0.6,0.6,0.6,0.6,1.6823516,1.6823516,1.6823516,1.6823516,0.6,0.6,0.6,0.6,0.6,0.6,0.6,0.6,0.6,0.6,0.6,0.6,0.6,0.6,0.6,0.6,0.6,0.6,0.6,0.6,0.6,0.6,0.6,0.6,0.6,0.6,0.6,0.6,0.6,0.6,0.6,0.6,0.6,0.6,0.6,0.6,0.6,0.6,0.6,0.6,0.6,0.6,0.6,0.6,0.6,0.6,0.6,0.6,0.6,0.6,0.6,0.6,0.6,0.6,0.6,0.6
1.3038983,1.3038983,1.3038983,1.3038983,1.5076168,1.5076168,1.5076168,1.5076168,1.3822694,1.3822694,1.3822694,1.3822694,1.3326191,1.3326191,1.3326191,1.3326191,1.6460354,1.6460354,1.6460354,1.6460354,1.670924,1.670924,1.670924,1.670924,1.8305608,1.8305608,1.8305608,1.8305608,1.4539566,1.4539566,1.4539566,1.4539566,1.6806902,1.6806902,1.6806902,1.6806902,1.951002,1.951002,1.951002,1.951002,1.4040054,1.4040054,1.4040054,1.4040054,1.3348868,1.3348868,1.3348868,1.3348868,2.003416,2.003416,2.003416,2.003416,2.2049654,2.2049654,2.2049654,2.2049654,1.6747348,1.6747348,1.6747348,1.6747348,2.80747,2.80747,2.80747,2.80747,2.4262764,2.4262764,2.4262764,2.4262764,1.9613014,1.9613014,1.9613014,1.9613014,1.5696322,1.5696322,1.5696322,1.5696322,1.2182771,1.2182771,1.2182771,1.2182771,1.2658079,1.2658079,1.2658079,1.2658079,1.2334646,1.2334646,1.2334646,1.2334646,1.2193936,1.2193936,1.2193936,1.2193936,1.4023087,1.4023087,1.4023087,1.4023087,1.0688751,1.0688751,1.0688751,1.0688751,1.0399816,1.0399816,1.0399816,1.0399816,0.9805865,0.9805865,0.9805865,0.9805865,0.8804589,0.8804589,0.8804589,0.8804589,0.9087925,0.9087925,0.9087925,0.9087925,0.8667779,0.8667779,0.8667779,0.8667779
1.3038983,1.3038983,1.3038983,1.3038983,1.5076168,1.5076168,1.5076168,1.5076168,1.3822694,1.3822694,1.3822694,1.3822694,1.3326191,1.3326191,1.3326191,1.3326191,1.6460354,1.6460354,1.6460354,1.6460354,1.670924,1.670924,1.670924,1.670924,1.8305608,1.8305608,1.8305608,1.8305608,1.4539566,1.4539566,1.4539566,1.4539566,1.6806902,1.6806902,1.6806902,1.6806902,1.951002,1.951002,1.951002,1.951002,1.4040054,1.4040054,1.4040054,1.4040054,1.3348868,1.3348868,1.3348868,1.3348868,2.003416,2.003416,2.003416,2.003416,2.2049654,2.2049654,2.2049654,2.2049654,1.6747348,1.6747348,1.6747348,1.6747348,2.80747,2.80747,2.80747,2.80747,2.4262764,2.4262764,2.4262764,2.4262764,1.9613014,1.9613014,1.9613014,1.9613014,1.5696322,1.5696322,1.5696322,1.5696322,1.2182771,1.2182771,1.2182771,1.2182771,1.2658079,1.2658079,1.2658079,1.2658079,1.2334646,1.2334646,1.2334646,1.2334646,1.2193936,1.2193936,1.2193936,1.2193936,1.4023087,1.4023087,1.4023087,1.4023087,1.0688751,1.0688751,1.0688751,1.0688751,1.0399816,1.0399816,1.0399816,1.0399816,0.9805865,0.9805865,0.9805865,0.9805865,0.8804589,0.8804589,0.8804589,0.8804589,0.9087925,0.9087925,0.9087925,0.9087925,0.8667779,0.8667779,0.8667779,0.8667779
1.3038983,1.3038983,1.3038983,1.3038983,1.5076168,1.5076168,1.5076168,1.5076168,1.3822694,1.3822694,1.3822694,1.3822694,1.3326191,1.3326191,1.3326191,1.3326191,1.6460354,1.6460354,1.6460354,1.6460354,1.670924,1.670924,1.670924,1.670924,1.8305608,1.8305608,1.8305608,1.8305608,1.4539566,1.4539566,1.4539566,1.4539566,1.6806902,1.6806902,1.6806902,1.6806902,1.951002,1.951002,1.951002,1.951002,1.4040054,1.4040054,1.4040054,1.4040054,1.3348868,1.3348868,1.3348868,1.3348868,2.003416,2.003416,2.003416,2.003416,2.2049654,2.2049654,2.2049654,2.2049654,1.6747348,1.6747348,1.6747348,1.6747348,2.80747,2.80747,2.80747,2.80747,2.4262764,2.4262764,2.4262764,2.4262764,1.9613014,1.9613014,1.9613014,1.9613014,1.5696322,1.5696322,1.5696322,1.5696322,1.2182771,1.2182771,1.2182771,1.2182771,1.2658079,1.2658079,1.2658079,1.2658079,1.2334646,1.2334646,1.2334646,1.2334646,1.2193936,1.2193936,1.2193936,1.2193936,1.4023087,1.4023087,1.4023087,1.4023087,1.0688751,1.0688751,1.0688751,1.0688751,1.0399816,1.0399816,1.0399816,1.0399816,0.9805865,0.9805865,0.9805865,0.9805865,0.8804589,0.8804589,0.8804589,0.8804589,0.9087925,0.9087925,0.9087925,0.9087925,0.8667779,0.8667779,0.8667779,0.8667779
1.3038983,1.3038983,1.3038983,1.3038983,1.5076168,1.5076168,1.5076168,1.5076168,1.3822694,1.3822694,1.3822694,1.3822694,1.3326191,1.3326191,1.3326191,1.3326191,1.6460354,1.6460354,1.6460354,1.6460354,1.670924,1.670924,1.670924,1.670924,1.8305608,1.8305608,1.8305608,1.8305608,1.4539566,1.4539566,1.4539566,1.4539566,1.6806902,1.6806902,1.6806902,1.6806902,1.951002,1.951002,1.951002,1.951002,1.4040054,1.4040054,1.4040054,1.4040054,1.3348868,1.3348868,1.3348868,1.3348868,2.003416,2.003416,2.003416,2.003416,2.2049654,2.2049654,2.2049654,2.2049654,1.6747348,1.6747348,1.6747348,1.6747348,2.80747,2.80747,2.80747,2.80747,2.4262764,2.4262764,2.4262764,2.4262764,1.9613014,1.9613014,1.9613014,1.9613014,1.5696322,1.5696322,1.5696322,1.5696322,1.2182771,1.2182771,1.2182771,1.2182771,1.2658079,1.2658079,1.2658079,1.2658079,1.2334646,1.2334646,1.2334646,1.2334646,1.2193936,1.2193936,1.2193936,1.2193936,1.4023087,1.4023087,1.4023087,1.4023087,1.0688751,1.0688751,1.0688751,1.0688751,1.0399816,1.0399816,1.0399816,1.0399816,0.9805865,0.9805865,0.9805865,0.9805865,0.8804589,0.8804589,0.8804589,0.8804589,0.9087925,0.9087925,0.9087925,0.9087925,0.8667779,0.8667779,0.8667779,0.8667779
1.5189399,1.5189399,1.5189399,1.5189399,1.6308771,1.6308771,1.6308771,1.6308771,1.5680794,1.5680794,1.5680794,1.5680794,1.4404422,1.4404422,1.4404422,1.4404422,1.7263496,1.7263496,1.7263496,1.7263496,1.8988551,1.8988551,1.8988551,1.8988551,2.1893854,2.1893854,2.1893854,2.1893854,2.4438267,2.4438267,2.4438267,2.4438267,2.5489044,2.5489044,2.5489044,2.5489044,2.233713,2.233713,2.233713,2.233713,2.4522266,2.4522266,2.4522266,2.4522266,2.8815246,2.8815246,2.8815246,2.8815246,2.2193842,2.2193842,2.2193842,2.2193842,2.6284966,2.6284966,2.6284966,2.6284966,2.6784992,2.6784992,2.6784992,2.6784992,3.0,3.0,3.0,3.0,3.0,3.0,3.0,3.0,2.446281,2.446281,2.446281,2.446281,2.2768426,2.2768426,2.2768426,2.2768426,2.155701,2.155701,2.155701,2.155701,2.0596669,2.0596669,2.0596669,2.0596669,2.276647,2.276647,2.276647,2.276647,1.9728179,1.9728179,1.9728179,1.9728179,2.0640614,2.0640614,2.0640614,2.0640614,2.1046488,2.1046488,2.1046488,2.1046488,1.7314584,1.7314584,1.7314584,1.7314584,1.5730685,1.5730685,1.5730685,1.5730685,1.6748412,1.6748412,1.6748412,1.6748412,1.8035954,1.8035954,1.8035954,1.8035954,1.9046297,1.9046297,1.9046297,1.9046297
1.5189399,1.5189399,1.5189399,1.5189399,1.6308771,1.6308771,1.6308771,1.6308771,1.5680794,1.5680794,1.5680794,1.5680794,1.4404422,1.4404422,1.4404422,1.4404422,1.7263496,1.7263496,1.7263496,1.7263496,1.8988551,1.8988551,1.8988551,1.8988551,2.1893854,2.1893854,2.1893854,2.1893854,2.4438267,2.4438267,2.4438267,2.4438267,2.5489044,2.5489044,2.5489044,2.5489044,2.233713,2.233713,2.233713,2.233713,2.4522266,2.4522266,2.4522266,2.4522266,2.8815246,2.8815246,2.8815246,2.8815246,2.2193842,2.2193842,2.2193842,2.2193842,2.6284966,2.6284966,2.6284966,2.6284966,2.6784992,2.6784992,2.6784992,2.6784992,3.0,3.0,3.0,3.0,3.0,3.0,3.0,3.0,2.446281,2.446281,2.446281,2.446281,2.2768426,2.2768426,2.2768426,2.2768426,2.155701,2.155701,2.155701,2.155701,2.0596669,2.0596669,2.0596669,2.0596669,2.276647,2.276647,2.276647,2.276647,1.9728179,1.9728179,1.9728179,1.9728179,2.0640614,2.0640614,2.0640614,2.0640614,2.1046488,2.1046488,2.1046488,2.1046488,1.7314584,1.7314584,1.7314584,1.7314584,1.5730685,1.5730685,1.5730685,1.5730685,1.6748412,1.6748412,1.6748412,1.6748412,1.8035954,1.8035954,1.8035954,1.8035954,1.9046297,1.9046297,1.9046297,1.9046297
1.5189399,1.5189399,1.5189399,1.5189399,1.6308771,1.6308771,1.6308771,1.6308771,1.5680794,1.5680794,1.5680794,1.5680794,1.4404422,1.4404422,1.4404422,1.4404422,1.7263496,1.7263496,1.7263496,1.7263496,1.8988551,1.8988551,1.8988551,1.8988551,2.1893854,2.1893854,2.1893854,2.1893854,2.4438267,2.4438267,2.4438267,2.4438267,2.5489044,2.5489044,2.5489044,2.5489044,2.233713,2.233713,2.233713,2.233713,2.4522266,2.4522266,2.4522266,2.4522266,2.8815246,2.8815246,2.8815246,2.8815246,2.2193842,2.2193842,2.2193842,2.2193842,2.6284966,2.6284966,2.6284966,2.6284966,2.6784992,2.6784992,2.6784992,2.6784992,3.0,3.0,3.0,3.0,3.0,3.0,3.0,3.0,2.446281,2.446281,2.446281,2.446281,2.2768426,2.2768426,2.2768426,2.2768426,2.155701,2.155701,2.155701,2.155701,2.0596669,2.0596669,2.0596669,2.0596669,2.276647,2.276647,2.276647,2.276647,1.9728179,1.9728179,1.9728179,1.9728179,2.0640614,2.0640614,2.0640614,2.0640614,2.1046488,2.1046488,2.1046488,2.1046488,1.7314584,1.7314584,1.7314584,1.7314584,1.5730685,1.5730685,1.5730685,1.5730685,1.6748412,1.6748412,1.6748412,1.6748412,1.8035954,1.8035954,1.8035954,1.8035954,1.9046297,1.9046297,1.9046297,1.9046297
1.5189399,1.5189399,1.5189399,1.5189399,1.6308771,1.6308771,1.6308771,1.6308771,1.5680794,1.5680794,1.5680794,1.5680794,1.4404422,1.4404422,1.4404422,1.4404422,1.7263496,1.7263496,1.7263496,1.7263496,1.8988551,1.8988551,1.8988551,1.8988551,2.1893854,2.1893854,2.1893854,2.1893854,2.4438267,2.4438267,2.4438267,2.4438267,2.5489044,2.5489044,2.5489044,2.5489044,2.233713,2.233713,2.233713,2.233713,2.4522266,2.4522266,2.4522266,2.4522266,2.8815246,2.8815246,2.8815246,2.8815246,2.2193842,2.2193842,2.2193842,2.2193842,2.6284966,2.6284966,2.6284966,2.6284966,2.6784992,2.6784992,2.6784992,2.6784992,3.0,3.0,3.0,3.0,3.0,3.0,3.0,3.0,2.446281,2.446281,2.446281,2.446281,2.2768426,2.2768426,2.2768426,2.2768426,2.155701,2.155701,2.155701,2.155701,2.0596669,2.0596669,2.0596669,2.0596669,2.276647,2.276647,2.276647,2.276647,1.9728179,1.9728179,1.9728179,1.9728179,2.0640614,2.0640614,2.0640614,2.0640614,2.1046488,2.1046488,2.1046488,2.1046488,1.7314584,1.7314584,1.7314584,1.7314584,1.5730685,1.5730685,1.5730685,1.5730685,1.6748412,1.6748412,1.6748412,1.6748412,1.8035954,1.8035954,1.8035954,1.8035954,1.9046297,1.9046297,1.9046297,1.9046297
1.8640138,1.8640138,1.8640138,1.8640138,1.603449,1.603449,1.603449,1.603449,1.6643199,1.6643199,1.6643199,1.6643199,2.0959299,2.0959299,2.0959299,2.0959299,2.1068752,2.1068752,2.1068752,2.1068752,2.3060277,2.3060277,2.3060277,2.3060277,2.3892243,2.3892243,2.3892243,2.3892243,2.3174024,2.3174024,2.3174024,2.3174024,2.007936,2.007936,2.007936,2.007936,2.4612446,2.4612446,2.4612446,2.4612446,2.5291133,2.5291133,2.5291133,2.5291133,2.2883918,2.2883918,2.2883918,2.2883918,2.692913,2.692913,2.692913,2.692913,2.5614114,2.5614114,2.5614114,2.5614114,2.9833877,2.9833877,2.9833877,2.9833877,2.9402215,2.9402215,2.9402215,2.9402215,2.8004453,2.8004453,2.8004453,2.8004453,3.0,3.0,3.0,3.0,3.0,3.0,3.0,3.0,3.0,3.0,3.0,3.0,2.9349198,2.9349198,2.9349198,2.9349198,2.659748,2.659748,2.659748,2.659748,2.2209308,2.2209308,2.2209308,2.2209308,2.5409935,2.5409935,2.5409935,2.5409935,2.352562,2.352562,2.352562,2.352562,2.3708394,2.3708394,2.3708394,2.3708394,2.1316624,2.1316624,2.1316624,2.1316624,2.126732,2.126732,2.126732,2.126732,1.8609481,1.8609481,1.8609481,1.8609481,1.7509478,1.7509478,1.7509478,1.7509478
1.8640138,1.8640138,1.8640138,1.8640138,1.603449,1.603449,1.603449,1.603449,1.6643199,1.6643199,1.6643199,1.6643199,2.0959299,2.0959299,2.0959299,2.0959299,2.1068752,2.1068752,2.1068752,2.1068752,2.3060277,2.3060277,2.3060277,2.3060277,2.3892243,2.3892243,2.3892243,2.3892243,2.3174024,2.3174024,2.3174024,2.3174024,2.007936,2.007936,2.007936,2.007936,2.4612446,2.4612446,2.4612446,2.4612446,2.5291133,2.5291133,2.5291133,2.5291133,2.2883918,2.2883918,2.2883918,2.2883918,2.692913,2.692913,2.692913,2.692913,2.5614114,2.5614114,2.5614114,2.5614114,2.9833877,2.9833877,2.9833877,2.9833877,2.9402215,2.9402215,2.9402215,2.9402215,2.8004453,2.8004453,2.8004453,2.8004453,3.0,3.0,3.0,3.0,3.0,3.0,3.0,3.0,3.0,3.0,3.0,3.0,2.9349198,2.9349198,2.9349198,2.9349198,2.659748,2.659748,2.659748,2.659748,2.2209308,2.2209308,2.2209308,2.2209308,2.5409935,2.5409935,2.5409935,2.5409935,2.352562,2.352562,2.352562,2.352562,2.3708394,2.3708394,2.3708394,2.3708394,2.1316624,2.1316624,2.1316624,2.1316624,2.126732,2.126732,2.126732,2.126732,1.8609481,1.8609481,1.8609481,1.8609481,1.7509478,1.7509478,1.7509478,1.7509478
1.8640138,1.8640138,1.8640138,1.8640138,1.603449,1.603449,1.603449,1.603449,1.6643199,1.6643199,1.6643199,1.6643199,2.0959299,2.0959299,2.0959299,2.0959299,2.1068752,2.1068752,2.1068752,2.1068752,2.3060277,2.3060277,2.3060277,2.3060277,2.3892243,2.3892243,2.3892243,2.3892243,2.3174024,2.3174024,2.3174024,2.3174024,2.007936,2.007936,2.007936,2.007936,2.4612446,2.4612446,2.4612446,2.4612446,2.5291133,2.5291133,2.5291133,2.5291133,2.2883918,2.2883918,2.2883918,2.2883918,2.692913,2.692913,2.692913,2.692913,2.5614114,2.5614114,2.5614114,2.5614114,2.9833877,2.9833877,2.9833877,2.9833877,2.9402215,2.9402215,2.9402215,2.9402215,2.8004453,2.8004453,2.8004453,2.8004453,3.0,3.0,3.0,3.0,3.0,3.0,3.0,3.0,3.0,3.0,3.0,3.0,2.9349198,2.9349198,2.9349198,2.9349198,2.659748,2.659748,2.659748,2.659748,2.2209308,2.2209308,2.2209308,2.2209308,2.5409935,2.5409935,2.5409935,2.5409935,2.352562,2.352562,2.352562,2.352562,2.3708394,2.3708394,2.3708394,2.3708394,2.1316624,2.1316624,2.1316624,2.1316624,2.126732,2.126732,2.126732,2.126732,1.8609481,1.8609481,1.8609481,1.8609481,1.7509478,1.7509478,1.7509478,1.7509478
1.8640138,1.8640138,1.8640138,1.8640138,1.603449,1.603449,1.603449,1.603449,1.6643199,1.6643199,1.6643199,1.6643199,2.0959299,2.0959299,2.0959299,2.0959299,2.1068752,2.1068752,2.1068752,2.1068752,2.3060277,2.3060277,2.3060277,2.3060277,2.3892243,2.3892243,2.3892243,2.3892243,2.3174024,2.3174024,2.3174024,2.3174024,2.007936,2.007936,2.007936,2.007936,2.4612446,2.4612446,2.4612446,2.4612446,2.5291133,2.5291133,2.5291133,2.5291133,2.2883918,2.2883918,2.2883918,2.2883918,2.692913,2.692913,2.692913,2.692913,2.5614114,2.5614114,2.5614114,2.5614114,2.9833877,2.9833877,2.9833877,2.9833877,2.9402215,2.9402215,2.9402215,2.9402215,2.8004453,2.8004453,2.8004453,2.8004453,3.0,3.0,3.0,3.0,3.0,3.0,3.0,3.0,3.0,3.0,3.0,3.0,2.9349198,2.9349198,2.9349198,2.9349198,2.659748,2.659748,2.659748,2.659748,2.2209308,2.2209308,2.2209308,2.2209308,2.5409935,2.5409935,2.5409935,2.5409935,2.352562,2.352562,2.352562,2.352562,2.3708394,2.3708394,2.3708394,2.3708394,2.1316624,2.1316624,2.1316624,2.1316624,2.126732,2.126732,2.126732,2.126732,1.8609481,1.8609481,1.8609481,1.8609481,1.7509478,1.7509478,1.7509478,1.7509478
1.1622177,1.1622177,1.1622177,1.1622177,1.5686567,1.5686567,1.5686567,1.5686567,1.5696547,1.5696547,1.5696547,1.5696547,1.8289771,1.8289771,1.8289771,1.8289771,2.188948,2.188948,2.188948,2.188948,2.2267036,2.2267036,2.2267036,2.2267036,2.3678002,2.3678002,2.3678002,2.3678002,2.1561801,2.1561801,2.1561801,2.1561801,2.0714188,2.0714188,2.0714188,2.0714188,2.3867002,2.3867002,2.3867002,2.3867002,2.4005744,2.4005744,2.4005744,2.4005744,1.9443316,1.9443316,1.9443316,1.9443316,1.8028913,1.8028913,1.8028913,1.8028913,1.9538152,1.9538152,1.9538152,1.9538152,2.8022342,2.8022342,2.8022342,2.8022342,3.0,3.0,3.0,3.0,2.654319,2.654319,2.654319,2.654319,2.2574666,2.2574666,2.2574666,2.2574666,2.9773822,2.9773822,2.9773822,2.9773822,2.522583,2.522583,2.522583,2.522583,2.860775,2.860775,2.860775,2.860775,2.2496662,2.2496662,2.2496662,2.2496662,1.9579992,1.9579992,1.9579992,1.9579992,1.5576544,1.5576544,1.5576544,1.5576544,2.2868397,2.2868397,2.2868397,2.2868397,2.3154562,2.3154562,2.3154562,2.3154562,1.9868559,1.9868559,1.9868559,1.9868559,2.0002441,2.0002441,2.0002441,2.0002441,1.8220586,1.8220586,1.8220586,1.8220586,1.8306079,1.8306079,1.8306079,1.8306079
1.1622177,1.1622177,1.1622177,1.1622177,1.5686567,1.5686567,1.5686567,1.5686567,1.5696547,1.5696547,1.5696547,1.5696547,1.8289771,1.8289771,1.8289771,1.8289771,2.188948,2.188948,2.188948,2.188948,2.2267036,2.2267036,2.2267036,2.2267036,2.3678002,2.3678002,2.3678002,2.3678002,2.1561801,2.1561801,2.1561801,2.1561801,2.0714188,2.0714188,2.0714188,2.0714188,2.3867002,2.3867002,2.3867002,2.3867002,2.4005744,2.4005744,2.4005744,2.4005744,1.9443316,1.9443316,1.9443316,1.9443316,1.8028913,1.8028913,1.8028913,1.8028913,1.9538152,1.9538152,1.9538152,1.9538152,2.8022342,2.8022342,2.8022342,2.8022342,3.0,3.0,3.0,3.0,2.654319,2.654319,2.654319,2.654319,2.2574666,2.2574666,2.2574666,2.2574666,2.9773822,2.9773822,2.9773822,2.9773822,2.522583,2.522583,2.522583,2.522583,2.860775,2.860775,2.860775,2.860775,2.2496662,2.2496662,2.2496662,2.2496662,1.9579992,1.9579992,1.9579992,1.9579992,1.5576544,1.5576544,1.5576544,1.5576544,2.2868397,2.2868397,2.2868397,2.2868397,2.3154562,2.3154562,2.3154562,2.3154562,1.9868559,1.9868559,1.9868559,1.9868559,2.0002441,2.0002441,2.0002441,2.0002441,1.8220586,1.8220586,1.8220586,1.8220586,1.8306079,1.8306079,1.8306079,1.8306079
1.1622177,1.1622177,1.1622177,1.1622177,1.5686567,1.5686567,1.5686567,1.5686567,1.5696547,1.5696547,1.5696547,1.5696547,1.8289771,1.8289771,1.8289771,1.8289771,2.188948,2.188948,2.188948,2.188948,2.2267036,2.2267036,2.2267036,2.2267036,2.3678002,2.3678002,2.3678002,2.3678002,2.1561801,2.1561801,2.1561801,2.1561801,2.0714188,2.0714188,2.0714188,2.0714188,2.3867002,2.3867002,2.3867002,2.3867002,2.4005744,2.4005744,2.4005744,2.4005744,1.9443316,1.9443316,1.9443316,1.9443316,1.8028913,1.8028913,1.8028913,1.8028913,1.9538152,1.9538152,1.9538152,1.9538152,2.8022342,2.8022342,2.8022342,2.8022342,3.0,3.0,3.0,3.0,2.654319,2.654319,2.654319,2.654319,2.2574666,2.2574666,2.2574666,2.2574666,2.9773822,2.9773822,2.9773822,2.9773822,2.522583,2.522583,2.522583,2.522583,2.860775,2.860775,2.860775,2.860775,2.2496662,2.2496662,2.2496662,2.2496662,1.9579992,1.9579992,1.9579992,1.9579992,1.5576544,1.5576544,1.5576544,1.5576544,2.2868397,2.2868397,2.2868397,2.2868397,2.3154562,2.3154562,2.3154562,2.3154562,1.9868559,1.9868559,1.9868559,1.9868559,2.0002441,2.0002441,2.0002441,2.0002441,1.8220586,1.8220586,1.8220586,1.8220586,1.8306079,1.8306079,1.8306079,1.8306079
1.1622177,1.1622177,1.1622177,1.1622177,1.5686567,1.5686567,1.5686567,1.5686567,1.5696547,1.5696547,1.5696547,1.5696547,1.8289771,1.8289771,1.8289771,1.8289771,2.188948,2.188948,2.188948,2.188948,2.2267036,2.2267036,2.2267036,2.2267036,2.3678002,2.3678002,2.3678002,2.3678002,2.1561801,2.1561801,2.1561801,2.1561801,2.0714188,2.0714188,2.0714188,2.0714188,2.3867002,2.3867002,2.3867002,2.3867002,2.4005744,2.4005744,2.4005744,2.4005744,1.9443316,1.9443316,1.9443316,1.9443316,1.8028913,1.8028913,1.8028913,1.8028913,1.9538152,1.9538152,1.9538152,1.9538152,2.8022342,2.8022342,2.8022342,2.8022342,3.0,3.0,3.0,3.0,2.654319,2.654319,2.654319,2.654319,2.2574666,2.2574666,2.2574666,2.2574666,2.9773822,2.9773822,2.9773822,2.9773822,2.522583,2.522583,2.522583,2.522583,2.860775,2.860775,2.860775,2.860775,2.2496662,2.2496662,2.2496662,2.2496662,1.9579992,1.9579992,1.9579992,1.9579992,1.5576544,1.5576544,1.5576544,1.5576544,2.2868397,2.2868397,2.2868397,2.2868397,2.3154562,2.3154562,2.3154562,2.3154562,1.9868559,1.9868559,1.9868559,1.9868559,2.0002441,2.0002441,2.0002441,2.0002441,1.8220586,1.8220586,1.8220586,1.8220586,1.8306079,1.8306079,1.8306079,1.8306079
1.7859691,1.7859691,1.7859691,1.7859691,1.8619777,1.8619777,1.8619777,1.8619777,1.7257665,1.7257665,1.7257665,1.7257665,1.7696742,1.7696742,1.7696742,1.7696742,2.0786743,2.0786743,2.0786743,2.0786743,2.0918415,2.0918415,2.0918415,2.0918415,1.7680819,1.7680819,1.7680819,1.7680819,1.8986975,1.8986975,1.8986975,1.8986975,1.6620107,1.6620107,1.6620107,1.6620107,1.477914,1.477914,1.477914,1.477914,1.5092027,1.5092027,1.5092027,1.5092027,2.2590797,2.2590797,2.2590797,2.2590797,2.3716614,2.3716614,2.3716614,2.3716614,2.386099,2.386099,2.386099,2.386099,2.9788847,2.9788847,2.9788847,2.9788847,2.5999444,2.5999444,2.5999444,2.5999444,2.336974,2.336974,2.336974,2.336974,2.0754614,2.0754614,2.0754614,2.0754614,1.936047,1.936047,1.936047,1.936047,2.7858174,2.7858174,2.7858174,2.7858174,2.0814545,2.0814545,2.0814545,2.0814545,1.8200207,1.8200207,1.8200207,1.8200207,1.9469591,1.9469591,1.9469591,1.9469591,2.2647412,2.2647412,2.2647412,2.2647412,1.7353115,1.7353115,1.7353115,1.7353115,1.8367118,1.8367118,1.8367118,1.8367118,1.9901074,1.9901074,1.9901074,1.9901074,1.7449533,1.7449533,1.7449533,1.7449533,1.8815068,1.8815068,1.8815068,1.8815068,1.5100865,1.5100865,1.5100865,1.5100865
1.7859691,1.7859691,1.7859691,1.7859691,1.8619777,1.8619777,1.8619777,1.8619777,1.7257665,1.7257665,1.7257665,1.7257665,1.7696742,1.7696742,1.7696742,1.7696742,2.0786743,2.0786743,2.0786743,2.0786743,2.0918415,2.0918415,2.0918415,2.0918415,1.7680819,1.7680819,1.7680819,1.7680819,1.8986975,1.8986975,1.8986975,1.8986975,1.6620107,1.6620107,1.6620107,1.6620107,1.477914,1.477914,1.477914,1.477914,1.5092027,1.5092027,1.5092027,1.5092027,2.2590797,2.2590797,2.2590797,2.2590797,2.3716614,2.3716614,2.3716614,2.3716614,2.386099,2.386099,2.386099,2.386099,2.9788847,2.9788847,2.9788847,2.9788847,2.5999444,2.5999444,2.5999444,2.5999444,2.336974,2.336974,2.336974,2.336974,2.0754614,2.0754614,2.0754614,2.0754614,1.936047,1.936047,1.936047,1.936047,2.7858174,2.7858174,2.7858174,2.7858174,2.0814545,2.0814545,2.0814545,2.0814545,1.8200207,1.8200207,1.8200207,1.8200207,1.9469591,1.9469591,1.9469591,1.9469591,2.2647412,2.2647412,2.2647412,2.2647412,1.7353115,1.7353115,1.7353115,1.7353115,1.8367118,1.8367118,1.8367118,1.8367118,1.9901074,1.9901074,1.9901074,1.9901074,1.7449533,1.7449533,1.7449533,1.7449533,1.8815068,1.8815068,1.8815068,1.8815068,1.5100865,1.5100865,1.5100865,1.5100865
1.7859691,1.7859691,1.7859691,1.7859691,1.8619777,1.8619777,1.8619777,1.8619777,1.7257665,1.7257665,1.7257665,1.7257665,1.7696742,1.7696742,1.7696742,1.7696742,2.0786743,2.0786743,2.0786743,2.0786743,2.0918415,2.0918415,2.0918415,2.0918415,1.7680819,1.7680819,1.7680819,1.7680819,1.8986975,1.8986975,1.8986975,1.8986975,1.6620107,1.6620107,1.6620107,1.6620107,1.477914,1.477914,1.477914,1.477914,1.5092027,1.5092027,1.5092027,1.5092027,2.2590797,2.2590797,2.2590797,2.2590797,2.3716614,2.3716614,2.3716614,2.3716614,2.386099,2.386099,2.386099,2.386099,2.9788847,2.9788847,2.9788847,2.9788847,2.5999444,2.5999444,2.5999444,2.5999444,2.336974,2.336974,2.336974,2.336974,2.0754614,2.0754614,2.0754614,2.0754614,1.936047,1.936047,1.936047,1.936047,2.7858174,2.7858174,2.7858174,2.7858174,2.0814545,2.0814545,2.0814545,2.0814545,1.8200207,1.8200207,1.8200207,1.8200207,1.9469591,1.9469591,1.9469591,1.9469591,2.2647412,2.2647412,2.2647412,2.2647412,1.7353115,1.7353115,1.7353115,1.7353115,1.8367118,1.8367118,1.8367118,1.8367118,1.9901074,1.9901074,1.9901074,1.9901074,1.7449533,1.7449533,1.7449533,1.7449533,1.8815068,1.8815068,1.8815068,1.8815068,1.5100865,1.5100865,1.5100865,1.5100865
1.7859691,1.7859691,1.7859691,1.7859691,1.8619777,1.8619777,1.8619777,1.8619777,1.7257665,1.7257665,1.7257665,1.7257665,1.7696742,1.7696742,1.7696742,1.7696742,2.0786743,2.0786743,2.0786743,2.0786743,2.0918415,2.0918415,2.0918415,2.0918415,1.7680819,1.7680819,1.7680819,1.7680819,1.8986975,1.8986975,1.8986975,1.8986975,1.6620107,1.6620107,1.6620107,1.6620107,1.477914,1.477914,1.477914,1.477914,1.5092027,1.5092027,1.5092027,1.5092027,2.2590797,2.2590797,2.2590797,2.2590797,2.3716614,2.3716614,2.3716614,2.3716614,2.386099,2.386099,2.386099,2.386099,2.9788847,2.9788847,2.9788847,2.9788847,2.5999444,2.5999444,2.5999444,2.5999444,2.336974,2.336974,2.336974,2.336974,2.0754614,2.0754614,2.0754614,2.0754614,1.936047,1.936047,1.936047,1.936047,2.7858174,2.7858174,2.7858174,2.7858174,2.0814545,2.0814545,2.0814545,2.0814545,1.8200207,1.8200207,1.8200207,1.8200207,1.9469591,1.9469591,1.9469591,1.9469591,2.2647412,2.2647412,2.2647412,2.2647412,1.7353115,1.7353115,1.7353115,1.7353115,1.8367118,1.8367118,1.8367118,1.8367118,1.9901074,1.9901074,1.9901074,1.9901074,1.7449533,1.7449533,1.7449533,1.7449533,1.8815068,1.8815068,1.8815068,1.8815068,1.5100865,1.5100865,1.5100865,1.5100865
1.6590372,1.6590372,1.6590372,1.6590372,1.8456966,1.8456966,1.8456966,1.8456966,1.7680353,1.7680353,1.7680353,1.7680353,1.8897164,1.8897164,1.8897164,1.8897164,2.0074677,2.0074677,2.0074677,2.0074677,1.5629926,1.5629926,1.5629926,1.5629926,2.0297158,2.0297158,2.0297158,2.0297158,2.1621947,2.1621947,2.1621947,2.1621947,2.2325444,2.2325444,2.2325444,2.2325444,1.8857795,1.8857795,1.8857795,1.8857795,1.6293157,1.6293157,1.6293157,1.6293157,2.3534114,2.3534114,2.3534114,2.3534114,2.3989143,2.3989143,2.3989143,2.3989143,2.3139253,2.3139253,2.3139253,2.3139253,1.8599688,1.8599688,1.8599688,1.8599688,1.7733566,1.7733566,1.7733566,1.7733566,2.1647656,2.1647656,2.1647656,2.1647656,1.8740383,1.8740383,1.8740383,1.8740383,2.7101772,2.7101772,2.7101772,2.7101772,3.0,3.0,3.0,3.0,2.8464875,2.8464875,2.8464875,2.8464875,1.9768151,1.9768151,1.9768151,1.9768151,1.142404,1.142404,1.142404,1.142404,0.8485755,0.8485755,0.8485755,0.8485755,1.4739046,1.4739046,1.4739046,1.4739046,1.837409,1.837409,1.837409,1.837409,1.5562392,1.5562392,1.5562392,1.5562392,1.533146,1.533146,1.533146,1.533146,1.6166493,1.6166493,1.6166493,1.6166493,1.7314969,1.7314969,1.7314969,1.7314969
1.6590372,1.6590372,1.6590372,1.6590372,1.8456966,1.8456966,1.8456966,1.8456966,1.7680353,1.7680353,1.7680353,1.7680353,1.8897164,1.8897164,1.8897164,1.8897164,2.0074677,2.0074677,2.0074677,2.0074677,1.5629926,1.5629926,1.5629926,1.5629926,2.0297158,2.0297158,2.0297158,2.0297158,2.1621947,2.1621947,2.1621947,2.1621947,2.2325444,2.2325444,2.2325444,2.2325444,1.8857795,1.8857795,1.8857795,1.8857795,1.6293157,1.6293157,1.6293157,1.6293157,2.3534114,2.3534114,2.3534114,2.3534114,2.3989143,2.3989143,2.3989143,2.3989143,2.3139253,2.3139253,2.3139253,2.3139253,1.8599688,1.8599688,1.8599688,1.8599688,1.7733566,1.7733566,1.7733566,1.7733566,2.1647656,2.1647656,2.1647656,2.1647656,1.8740383,1.8740383,1.8740383,1.8740383,2.7101772,2.7101772,2.7101772,2.7101772,3.0,3.0,3.0,3.0,2.8464875,2.8464875,2.8464875,2.8464875,1.9768151,1.9768151,1.9768151,1.9768151,1.142404,1.142404,1.142404,1.142404,0.8485755,0.8485755,0.8485755,0.8485755,1.4739046,1.4739046,1.4739046,1.4739046,1.837409,1.837409,1.837409,1.837409,1.5562392,1.5562392,1.5562392,1.5562392,1.533146,1.533146,1.533146,1.533146,1.6166493,1.6166493,1.6166493,1.6166493,1.7314969,1.7314969,1.7314969,1.7314969
1.6590372,1.6590372,1.6590372,1.6590372,1.8456966,1.8456966,1.8456966,1.8456966,1.7680353,1.7680353,1.7680353,1.7680353,1.8897164,1.8897164,1.8897164,1.8897164,2.0074677,2.0074677,2.0074677,2.0074677,1.5629926,1.5629926,1.5629926,1.5629926,2.0297158,2.0297158,2.0297158,2.0297158,2.1621947,2.1621947,2.1621947,2.1621947,2.2325444,2.2325444,2.2325444,2.2325444,1.8857795,1.8857795,1.8857795,1.8857795,1.6293157,1.6293157,1.6293157,1.6293157,2.3534114,2.3534114,2.3534114,2.3534114,2.3989143,2.3989143,2.3989143,2.3989143,2.3139253,2.3139253,2.3139253,2.3139253,1.8599688,1.8599688,1.8599688,1.8599688,1.7733566,1.7733566,1.7733566,1.7733566,2.1647656,2.1647656,2.1647656,2.1647656,1.8740383,1.8740383,1.8740383,1.8740383,2.7101772,2.7101772,2.7101772,2.7101772,3.0,3.0,3.0,3.0,2.8464875,2.8464875,2.8464875,2.8464875,1.9768151,1.9768151,1.9768151,1.9768151,1.142404,1.142404,1.142404,1.142404,0.8485755,0.8485755,0.8485755,0.8485755,1.4739046,1.4739046,1.4739046,1.4739046,1.837409,1.837409,1.837409,1.837409,1.5562392,1.5562392,1.5562392,1.5562392,1.533146,1.533146,1.533146,1.533146,1.6166493,1.6166493,1.6166493,1.6166493,1.7314969,1.7314969,1.7314969,1.7314969
1.6590372,1.6590372,1.6590372,1.6590372,1.8456966,1.8456966,1.8456966,1.8456966,1.7680353,1.7680353,1.7680353,1.7680353,1.8897164,1.8897164,1.8897164,1.8897164,2.0074677,2.0074677,2.0074677,2.0074677,1.5629926,1.5629926,1.5629926,1.5629926,2.0297158,2.0297158,2.0297158,2.0297158,2.1621947,2.1621947,2.1621947,2.1621947,2.2325444,2.2325444,2.2325444,2.2325444,1.8857795,1.8857795,1.8857795,1.8857795,1.6293157,1.6293157,1.6293157,1.6293157,2.3534114,2.3534114,2.3534114,2.3534114,2.3989143,2.3989143,2.3989143,2.3989143,2.3139253,2.3139253,2.3139253,2.3139253,1.8599688,1.8599688,1.8599688,1.8599688,1.7733566,1.7733566,1.7733566,1.7733566,2.1647656,2.1647656,2.1647656,2.1647656,1.8740383,1.8740383,1.8740383,1.8740383,2.7101772,2.7101772,2.7101772,2.7101772,3.0,3.0,3.0,3.0,2.8464875,2.8464875,2.8464875,2.8464875,1.9768151,1.9768151,1.9768151,1.9768151,1.142404,1.142404,1.142404,1.142404,0.8485755,0.8485755,0.8485755,0.8485755,1.4739046,1.4739046,1.4739046,1.4739046,1.837409,1.837409,1.837409,1.837409,1.5562392,1.5562392,1.5562392,1.5562392,1.533146,1.533146,1.533146,1.533146,1.6166493,1.6166493,1.6166493,1.6166493,1.7314969,1.7314969,1.7314969,1.7314969
2.0349305,2.0349305,2.0349305,2.0349305,1.873638,1.873638,1.873638,1.873638,1.5851568,1.5851568,1.5851568,1.5851568,1.3999497,1.3999497,1.3999497,1.3999497,1.565298,1.565298,1.565298,1.565298,0.9779068,0.9779068,0.9779068,0.9779068,0.6966663,0.6966663,0.6966663,0.6966663,1.5339255,1.5339255,1.5339255,1.5339255,2.2224617,2.2224617,2.2224617,2.2224617,1.8080405,1.8080405,1.8080405,1.8080405,1.5442756,1.5442756,1.5442756,1.5442756,1.0433865,1.0433865,1.0433865,1.0433865,1.9405584,1.9405584,1.9405584,1.9405584,1.7082021,1.7082021,1.7082021,1.7082021,2.0307274,2.0307274,2.0307274,2.0307274,2.9311411,2.9311411,2.9311411,2.9311411,3.0,3.0,3.0,3.0,2.7488384,2.7488384,2.7488384,2.7488384,3.0,3.0,3.0,3.0,3.0,3.0,3.0,3.0,3.0,3.0,3.0,3.0,3.0,3.0,3.0,3.0,2.0776656,2.0776656,2.0776656,2.0776656,1.7175326,1.7175326,1.7175326,1.7175326,2.2191525,2.2191525,2.2191525,2.2191525,1.4951404,1.4951404,1.4951404,1.4951404,1.2825751,1.2825751,1.2825751,1.2825751,1.4543324,1.4543324,1.4543324,1.4543324,1.5210757,1.5210757,1.5210757,1.5210757,1.5476018,1.5476018,1.5476018,1.5476018
2.0349305,2.0349305,2.0349305,2.0349305,1.873638,1.873638,1.873638,1.873638,1.5851568,1.5851568,1.5851568,1.5851568,1.3999497,1.3999497,1.3999497,1.3999497,1.565298,1.565298,1.565298,1.565298,0.9779068,0.9779068,0.9779068,0.9779068,0.6966663,0.6966663,0.6966663,0.6966663,1.5339255,1.5339255,1.5339255,1.5339255,2.2224617,2.2224617,2.2224617,2.2224617,1.8080405,1.8080405,1.8080405,1.8080405,1.5442756,1.5442756,1.5442756,1.5442756,1.0433865,1.0433865,1.0433865,1.0433865,1.9405584,1.9405584,1.9405584,1.9405584,1.7082021,1.7082021,1.7082021,1.7082021,2.0307274,2.0307274,2.0307274,2.0307274,2.9311411,2.9311411,2.9311411,2.9311411,3.0,3.0,3.0,3.0,2.7488384,2.7488384,2.7488384,2.7488384,3.0,3.0,3.0,3.0,3.0,3.0,3.0,3.0,3.0,3.0,3.0,3.0,3.0,3.0,3.0,3.0,2.0776656,2.0776656,2.0776656,2.0776656,1.7175326,1.7175326,1.7175326,1.7175326,2.2191525,2.2191525,2.2191525,2.2191525,1.4951404,1.4951404,1.4951404,1.4951404,1.2825751,1.2825751,1.2825751,1.2825751,1.4543324,1.4543324,1.4543324,1.4543324,1.5210757,1.5210757,1.5210757,1.5210757,1.5476018,1.5476018,1.5476018,1.5476018
2.0349305,2.0349305,2.0349305,2.0349305,1.873638,1.873638,1.873638,1.873638,1.5851568,1.5851568,1.5851568,1.5851568,1.3999497,1.3999497,1.3999497,1.3999497,1.565298,1.565298,1.565298,1.565298,0.9779068,0.9779068,0.9779068,0.9779068,0.6966663,0.6966663,0.6966663,0.6966663,1.5339255,1.5339255,1.5339255,1.5339255,2.2224617,2.2224617,2.2224617,2.2224617,1.8080405,1.8080405,1.8080405,1.8080405,1.5442756,1.5442756,1.5442756,1.5442756,1.0433865,1.0433865,1.0433865,1.0433865,1.9405584,1.9405584,1.9405584,1.9405584,1.7082021,1.7082021,1.7082021,1.7082021,2.0307274,2.0307274,2.0307274,2.0307274,2.9311411,2.9311411,2.9311411,2.9311411,3.0,3.0,3.0,3.0,2.7488384,2.7488384,2.7488384,2.7488384,3.0,3.0,3.0,3.0,3.0,3.0,3.0,3.0,3.0,3.0,3.0,3.0,3.0,3.0,3.0,3.0,2.0776656,2.0776656,2.0776656,2.0776656,1.7175326,1.7175326,1.7175326,1.7175326,2.2191525,2.2191525,2.2191525,2.2191525,1.4951404,1.4951404,1.4951404,1.4951404,1.2825751,1.2825751,1.2825751,1.2825751,1.4543324,1.4543324,1.4543324,1.4543324,1.5210757,1.5210757,1.5210757,1.5210757,1.5476018,1.5476018,1.5476018,1.5476018
2.0349305,2.0349305,2.0349305,2.0349305,1.873638,1.873638,1.873638,1.873638,1.5851568,1.5851568,1.5851568,1.5851568,1.3999497,1.3999497,1.3999497,1.3999497,1.565298,1.565298,1.565298,1.565298,0.9779068,0.9779068,0.9779068,0.9779068,0.6966663,0.6966663,0.6966663,0.6966663,1.5339255,1.5339255,1.5339255,1.5339255,2.2224617,2.2224617,2.2224617,2.2224617,1.8080405,1.8080405,1.8080405,1.8080405,1.5442756,1.5442756,1.5442756,1.5442756,1.0433865,1.0433865,1.0433865,1.0433865,1.9405584,1.9405584,1.9405584,1.9405584,1.7082021,1.7082021,1.7082021,1.7082021,2.0307274,2.0307274,2.0307274,2.0307274,2.9311411,2.9311411,2.9311411,2.9311411,3.0,3.0,3.0,3.0,2.7488384,2.7488384,2.7488384,2.7488384,3.0,3.0,3.0,3.0,3.0,3.0,3.0,3.0,3.0,3.0,3.0,3.0,3.0,3.0,3.0,3.0,2.0776656,2.0776656,2.0776656,2.0776656,1.7175326,1.7175326,1.7175326,1.7175326,2.2191525,2.2191525,2.2191525,2.2191525,1.4951404,1.4951404,1.4951404,1.4951404,1.2825751,1.2825751,1.2825751,1.2825751,1.4543324,1.4543324,1.4543324,1.4543324,1.5210757,1.5210757,1.5210757,1.5210757,1.5476018,1.5476018,1.5476018,1.5476018
1.3966644,1.3966644,1.3966644,1.3966644,1.2305158,1.2305158,1.2305158,1.2305158,1.1321901,1.1321901,1.1321901,1.1321901,1.2551116,1.2551116,1.2551116,1.2551116,1.6344942,1.6344942,1.6344942,1.6344942,1.6324521,1.6324521,1.6324521,1.6324521,2.0265167,2.0265167,2.0265167,2.0265167,1.8408483,1.8408483,1.8408483,1.8408483,2.306779,2.306779,2.306779,2.306779,1.821349,1.821349,1.821349,1.821349,2.0659106,2.0659106,2.0659106,2.0659106,1.4251826,1.4251826,1.4251826,1.4251826,1.7424989,1.7424989,1.7424989,1.7424989,1.3033595,1.3033595,1.3033595,1.3033595,1.6730583,1.6730583,1.6730583,1.6730583,2.4286795,2.4286795,2.4286795,2.4286795,3.0,3.0,3.0,3.0,2.5004888,2.5004888,2.5004888,2.5004888,2.7341254,2.7341254,2.7341254,2.7341254,2.9416616,2.9416616,2.9416616,2.9416616,2.8367708,2.8367708,2.8367708,2.8367708,2.578077,2.578077,2.578077,2.578077,2.1074016,2.1074016,2.1074016,2.1074016,1.7034168,1.7034168,1.7034168,1.7034168,1.9148405,1.9148405,1.9148405,1.9148405,1.8236989,1.8236989,1.8236989,1.8236989,1.8264018,1.8264018,1.8264018,1.8264018,1.7013705,1.7013705,1.7013705,1.7013705,1.4894762,1.4894762,1.4894762,1.4894762,1.6180098,1.6180098,1.6180098,1.6180098
1.3966644,1.3966644,1.3966644,1.3966644,1.2305158,1.2305158,1.2305158,1.2305158,1.1321901,1.1321901,1.1321901,1.1321901,1.2551116,1.2551116,1.2551116,1.2551116,1.6344942,1.6344942,1.6344942,1.6344942,1.6324521,1.6324521,1.6324521,1.6324521,2.0265167,2.0265167,2.0265167,2.0265167,1.8408483,1.8408483,1.8408483,1.8408483,2.306779,2.306779,2.306779,2.306779,1.821349,1.821349,1.821349,1.821349,2.0659106,2.0659106,2.0659106,2.0659106,1.4251826,1.4251826,1.4251826,1.4251826,1.7424989,1.7424989,1.7424989,1.7424989,1.3033595,1.3033595,1.3033595,1.3033595,1.6730583,1.6730583,1.6730583,1.6730583,2.4286795,2.4286795,2.4286795,2.4286795,3.0,3.0,3.0,3.0,2.5004888,2.5004888,2.5004888,2.5004888,2.7341254,2.7341254,2.7341254,2.7341254,2.9416616,2.9416616,2.9416616,2.9416616,2.8367708,2.8367708,2.8367708,2.8367708,2.578077,2.578077,2.578077,2.578077,2.1074016,2.1074016,2.1074016,2.1074016,1.7034168,1.7034168,1.7034168,1.7034168,1.9148405,1.9148405,1.9148405,1.9148405,1.8236989,1.8236989,1.8236989,1.8236989,1.8264018,1.8264018,1.8264018,1.8264018,1.7013705,1.7013705,1.7013705,1.7013705,1.4894762,1.4894762,1.4894762,1.4894762,1.6180098,1.6180098,1.6180098,1.6180098
1.3966644,1.3966644,1.3966644,1.3966644,1.2305158,1.2305158,1.2305158,1.2305158,1.1321901,1.1321901,1.1321901,1.1321901,1.2551116,1.2551116,1.2551116,1.2551116,1.6344942,1.6344942,1.6344942,1.6344942,1.6324521,1.6324521,1.6324521,1.6324521,2.0265167,2.0265167,2.0265167,2.0265167,1.8408483,1.8408483,1.8408483,1.8408483,2.306779,2.306779,2.306779,2.306779,1.821349,1.821349,1.821349,1.821349,2.0659106,2.0659106,2.0659106,2.0659106,1.4251826,1.4251826,1.4251826,1.4251826,1.7424989,1.7424989,1.7424989,1.7424989,1.3033595,1.3033595,1.3033595,1.3033595,1.6730583,1.6730583,1.6730583,1.6730583,2.4286795,2.4286795,2.4286795,2.4286795,3.0,3.0,3.0,3.0,2.5004888,2.5004888,2.5004888,2.5004888,2.7341254,2.7341254,2.7341254,2.7341254,2.9416616,2.9416616,2.9416616,2.9416616,2.8367708,2.8367708,2.8367708,2.8367708,2.578077,2.578077,2.578077,2.578077,2.1074016,2.1074016,2.1074016,2.1074016,1.7034168,1.7034168,1.7034168,1.7034168,1.9148405,1.9148405,1.9148405,1.9148405,1.8236989,1.8236989,1.8236989,1.8236989,1.8264018,1.8264018,1.8264018,1.8264018,1.7013705,1.7013705,1.7013705,1.7013705,1.4894762,1.4894762,1.4894762,1.4894762,1.6180098,1.6180098,1.6180098,1.6180098
1.3966644,1.3966644,1.3966644,1.3966644,1.2305158,1.2305158,1.2305158,1.2305158,1.1321901,1.1321901,1.1321901,1.1321901,1.2551116,1.2551116,1.2551116,1.2551116,1.6344942,1.6344942,1.6344942,1.6344942,1.6324521,1.6324521,1.6324521,1.6324521,2.0265167,2.0265167,2.0265167,2.0265167,1.8408483,1.8408483,1.8408483,1.8408483,2.306779,2.306779,2.306779,2.306779,1.821349,1.821349,1.821349,1.821349,2.0659106,2.0659106,2.0659106,2.0659106,1.4251826,1.4251826,1.4251826,1.4251826,1.7424989,1.7424989,1.7424989,1.7424989,1.3033595,1.3033595,1.3033595,1.3033595,1.6730583,1.6730583,1.6730583,1.6730583,2.4286795,2.4286795,2.4286795,2.4286795,3.0,3.0,3.0,3.0,2.5004888,2.5004888,2.5004888,2.5004888,2.7341254,2.7341254,2.7341254,2.7341254,2.9416616,2.9416616,2.9416616,2.9416616,2.8367708,2.8367708,2.8367708,2.8367708,2.578077,2.578077,2.578077,2.578077,2.1074016,2.1074016,2.1074016,2.1074016,1.7034168,1.7034168,1.7034168,1.7034168,1.9148405,1.9148405,1.9148405,1.9148405,1.8236989,1.8236989,1.8236989,1.8236989,1.8264018,1.8264018,1.8264018,1.8264018,1.7013705,1.7013705,1.7013705,1.7013705,1.4894762,1.4894762,1.4894762,1.4894762,1.6180098,1.6180098,1.6180098,1.6180098
0.6,0.6,0.6,0.6,0.6,0.6,0.6,0.6,0.6,0.6,0.6,0.6,0.6,0.6,0.6,0.6,1.0163844,1.0163844,1.0163844,1.0163844,1.0441391,1.0441391,1.0441391,1.0441391,0.7591192,0.7591192,0.7591192,0.7591192,0.9304152,0.9304152,0.9304152,0.9304152,2.2615955,2.2615955,2.2615955,2.2615955,3.0,3.0,3.0,3.0,3.0,3.0,3.0,3.0,2.1429667,2.1429667,2.1429667,2.1429667,2.7022154,2.7022154,2.7022154,2.7022154,1.5342247,1.5342247,1.5342247,1.5342247,2.1465464,2.1465464,2.1465464,2.1465464,1.7458774,1.7458774,1.7458774,1.7458774,1.3588791,1.3588791,1.3588791,1.3588791,1.2965012,1.2965012,1.2965012,1.2965012,2.3123546,2.3123546,2.3123546,2.3123546,2.8040063,2.8040063,2.8040063,2.8040063,2.4360514,2.4360514,2.4360514,2.4360514,2.303311,2.303311,2.303311,2.303311,1.7436641,1.7436641,1.7436641,1.7436641,1.3588058,1.3588058,1.3588058,1.3588058,1.5410347,1.5410347,1.5410347,1.5410347,1.2357999,1.2357999,1.2357999,1.2357999,1.5495092,1.5495092,1.5495092,1.5495092,1.5375248,1.5375248,1.5375248,1.5375248,1.7553383,1.7553383,1.7553383,1.7553383,1.6472367,1.6472367,1.6472367,1.6472367
0.6,0.6,0.6,0.6,0.6,0.6,0.6,0.6,0.6,0.6,0.6,0.6,0.6,0.6,0.6,0.6,1.0163844,1.0163844,1.0163844,1.0163844,1.0441391,1.0441391,1.0441391,1.0441391,0.7591192,0.7591192,0.7591192,0.7591192,0.9304152,0.9304152,0.9304152,0.9304152,2.2615955,2.2615955,2.2615955,2.2615955,3.0,3.0,3.0,3.0,3.0,3.0,3.0,3.0,2.1429667,2.1429667,2.1429667,2.1429667,2.7022154,2.7022154,2.7022154,2.7022154,1.5342247,1.5342247,1.5342247,1.5342247,2.1465464,2.1465464,2.1465464,2.1465464,1.7458774,1.7458774,1.7458774,1.7458774,1.3588791,1.3588791,1.3588791,1.3588791,1.2965012,1.2965012,1.2965012,1.2965012,2.3123546,2.3123546,2.3123546,2.3123546,2.8040063,2.8040063,2.8040063,2.8040063,2.4360514,2.4360514,2.4360514,2.4360514,2.303311,2.303311,2.303311,2.303311,1.7436641,1.7436641,1.7436641,1.7436641,1.3588058,1.3588058,1.3588058,1.3588058,1.5410347,1.5410347,1.5410347,1.5410347,1.2357999,1.2357999,1.2357999,1.2357999,1.5495092,1.5495092,1.5495092,1.5495092,1.5375248,1.5375248,1.5375248,1.5375248,1.7553383,1.7553383,1.7553383,1.7553383,1.6472367,1.6472367,1.6472367,1.6472367
0.6,0.6,0.6,0.6,0.6,0.6,0.6,0.6,0.6,0.6,0.6,0.6,0.6,0.6,0.6,0.6,1.0163844,1.0163844,1.0163844,1.0163844,1.0441391,1.0441391,1.0441391,1.0441391,0.7591192,0.7591192,0.7591192,0.7591192,0.9304152,0.9304152,0.9304152,0.9304152,2.2615955,2.2615955,2.2615955,2.2615955,3.0,3.0,3.0,3.0,3.0,3.0,3.0,3.0,2.1429667,2.1429667,2.1429667,2.1429667,2.7022154,2.7022154,2.7022154,2.7022154,1.5342247,1.5342247,1.5342247,1.5342247,2.1465464,2.1465464,2.1465464,2.1465464,1.7458774,1.7458774,1.7458774,1.7458774,1.3588791,1.3588791,1.3588791,1.3588791,1.2965012,1.2965012,1.2965012,1.2965012,2.3123546,2.3123546,2.3123546,2.3123546,2.8040063,2.8040063,2.8040063,2.8040063,2.4360514,2.4360514,2.4360514,2.4360514,2.303311,2.303311,2.303311,2.303311,1.7436641,1.7436641,1.7436641,1.7436641,1.3588058,1.3588058,1.3588058,1.3588058,1.5410347,1.5410347,1.5410347,1.5410347,1.2357999,1.2357999,1.2357999,1.2357999,1.5495092,1.5495092,1.5495092,1.5495092,1.5375248,1.5375248,1.5375248,1.5375248,1.7553383,1.7553383,1.7553383,1.7553383,1.6472367,1.6472367,1.6472367,1.6472367
0.6,0.6,0.6,0.6,0.6,0.6,0.6,0.6,0.6,0.6,0.6,0.6,0.6,0.6,0.6,0.6,1.0163844,1.0163844,1.0163844,1.0163844,1.0441391,1.0441391,1.0441391,1.0441391,0.7591192,0.7591192,0.7591192,0.7591192,0.9304152,0.9304152,0.9304152,0.9304152,2.2615955,2.2615955,2.2615955,2.2615955,3.0,3.0,3.0,3.0,3.0,3.0,3.0,3.0,2.1429667,2.1429667,2.1429667,2.1429667,2.7022154,2.7022154,2.7022154,2.7022154,1.5342247,1.5342247,1.5342247,1.5342247,2.1465464,2.1465464,2.1465464,2.1465464,1.7458774,1.7458774,1.7458774,1.7458774,1.3588791,1.3588791,1.3588791,1.3588791,1.2965012,1.2965012,1.2965012,1.2965012,2.3123546,2.3123546,2.3123546,2.3123546,2.8040063,2.8040063,2.8040063,2.8040063,2.4360514,2.4360514,2.4360514,2.4360514,2.303311,2.303311,2.303311,2.303311,1.7436641,1.7436641,1.7436641,1.7436641,1.3588058,1.3588058,1.3588058,1.3588058,1.5410347,1.5410347,1.5410347,1.5410347,1.2357999,1.2357999,1.2357999,1.2357999,1.5495092,1.5495092,1.5495092,1.5495092,1.5375248,1.5375248,1.5375248,1.5375248,1.7553383,1.7553383,1.7553383,1.7553383,1.6472367,1.6472367,1.6472367,1.6472367
0.6,0.6,0.6,0.6,1.0064794,1.0064794,1.0064794,1.0064794,1.0808644,1.0808644,1.0808644,1.0808644,1.3222003,1.3222003,1.3222003,1.3222003,1.1249286,1.1249286,1.1249286,1.1249286,0.7396229,0.7396229,0.7396229,0.7396229,1.1940922,1.1940922,1.1940922,1.1940922,1.00354,1.00354,1.00354,1.00354,1.8737416,1.8737416,1.8737416,1.8737416,2.4713879,2.4713879,2.4713879,2.4713879,2.0582626,2.0582626,2.0582626,2.0582626,1.6968786,1.6968786,1.6968786,1.6968786,1.6814686,1.6814686,1.6814686,1.6814686,0.9752263,0.9752263,0.9752263,0.9752263,1.8321153,1.8321153,1.8321153,1.8321153,1.507767,1.507767,1.507767,1.507767,1.675187,1.675187,1.675187,1.675187,1.7450656,1.7450656,1.7450656,1.7450656,1.5656474,1.5656474,1.5656474,1.5656474,1.4586585,1.4586585,1.4586585,1.4586585,2.2912374,2.2912374,2.2912374,2.2912374,1.694856,1.694856,1.694856,1.694856,1.8407599,1.8407599,1.8407599,1.8407599,1.6552837,1.6552837,1.6552837,1.6552837,1.8383819,1.8383819,1.8383819,1.8383819,1.9330554,1.9330554,1.9330554,1.9330554,1.6565393,1.6565393,1.6565393,1.6565393,1.5696121,1.5696121,1.5696121,1.5696121,1.3640064,1.3640064,1.3640064,1.3640064,1.6450186,1.6450186,1.6450186,1.6450186
0.6,0.6,0.6,0.6,1.0064794,1.0064794,1.0064794,1.0064794,1.0808644,1.0808644,1.0808644,1.0808644,1.3222003,1.3222003,1.3222003,1.3222003,1.1249286,1.1249286,1.1249286,1.1249286,0.7396229,0.7396229,0.7396229,0.7396229,1.1940922,1.1940922,1.1940922,1.1940922,1.00354,1.00354,1.00354,1.00354,1.8737416,1.8737416,1.8737416,1.8737416,2.4713879,2.4713879,2.4713879,2.4713879,2.0582626,2.0582626,2.0582626,2.0582626,1.6968786,1.6968786,1.6968786,1.6968786,1.6814686,1.6814686,1.6814686,1.6814686,0.9752263,0.9752263,0.9752263,0.9752263,1.8321153,1.8321153,1.8321153,1.8321153,1.507767,1.507767,1.507767,1.507767,1.675187,1.675187,1.675187,1.675187,1.7450656,1.7450656,1.7450656,1.7450656,1.5656474,1.5656474,1.5656474,1.5656474,1.4586585,1.4586585,1.4586585,1.4586585,2.2912374,2.2912374,2.2912374,2.2912374,1.694856,1.694856,1.694856,1.694856,1.8407599,1.8407599,1.8407599,1.8407599,1.6552837,1.6552837,1.6552837,1.6552837,1.8383819,1.8383819,1.8383819,1.8383819,1.9330554,1.9330554,1.9330554,1.9330554,1.6565393,1.6565393,1.6565393,1.6565393,1.5696121,1.5696121,1.5696121,1.5696121,1.3640064,1.3640064,1.3640064,1.3640064,1.6450186,1.6450186,1.6450186,1.6450186
0.6,0.6,0.6,0.6,1.0064794,1.0064794,1.0064794,1.0064794,1.0808644,1.0808644,1.0808644,1.0808644,1.3222003,1.3222003,1.3222003,1.3222003,1.1249286,1.1249286,1.1249286,1.1249286,0.7396229,0.7396229,0.7396229,0.7396229,1.1940922,1.1940922,1.1940922,1.1940922,1.00354,1.00354,1.00354,1.00354,1.8737416,1.8737416,1.8737416,1.8737416,2.4713879,2.4713879,2.4713879,2.4713879,2.0582626,2.0582626,2.0582626,2.0582626,1.6968786,1.6968786,1.6968786,1.6968786,1.6814686,1.6814686,1.6814686,1.6814686,0.9752263,0.9752263,0.9752263,0.9752263,1.8321153,1.8321153,1.8321153,1.8321153,1.507767,1.507767,1.507767,1.507767,1.675187,1.675187,1.675187,1.675187,1.7450656,1.7450656,1.7450656,1.7450656,1.5656474,1.5656474,1.5656474,1.5656474,1.4586585,1.4586585,1.4586585,1.4586585,2.2912374,2.2912374,2.2912374,2.2912374,1.694856,1.694856,1.694856,1.694856,1.8407599,1.8407599,1.8407599,1.8407599,1.6552837,1.6552837,1.6552837,1.6552837,1.8383819,1.8383819,1.8383819,1.8383819,1.9330554,1.9330554,1.9330554,1.9330554,1.6565393,1.6565393,1.6565393,1.6565393,1.5696121,1.5696121,1.5696121,1.5696121,1.3640064,1.3640064,1.3640064,1.3640064,1.6450186,1.6450186,1.6450186,1.6450186
0.6,0.6,0.6,0.6,1.0064794,1.0064794,1.0064794,1.0064794,1.0808644,1.0808644,1.0808644,1.0808644,1.3222003,1.3222003,1.3222003,1.3222003,1.1249286,1.1249286,1.1249286,1.1249286,0.7396229,0.7396229,0.7396229,0.7396229,1.1940922,1.1940922,1.1940922,1.1940922,1.00354,1.00354,1.00354,1.00354,1.8737416,1.8737416,1.8737416,1.8737416,2.4713879,2.4713879,2.4713879,2.4713879,2.0582626,2.0582626,2.0582626,2.0582626,1.6968786,1.6968786,1.6968786,1.6968786,1.6814686,1.6814686,1.6814686,1.6814686,0.9752263,0.9752263,0.9752263,0.9752263,1.8321153,1.8321153,1.8321153,1.8321153,1.507767,1.507767,1.507767,1.507767,1.675187,1.675187,1.675187,1.675187,1.7450656,1.7450656,1.7450656,1.7450656,1.5656474,1.5656474,1.5656474,1.5656474,1.4586585,1.4586585,1.4586585,1.4586585,2.2912374,2.2912374,2.2912374,2.2912374,1.694856,1.694856,1.694856,1.694856,1.8407599,1.8407599,1.8407599,1.8407599,1.6552837,1.6552837,1.6552837,1.6552837,1.8383819,1.8383819,1.8383819,1.8383819,1.9330554,1.9330554,1.9330554,1.9330554,1.6565393,1.6565393,1.6565393,1.6565393,1.5696121,1.5696121,1.5696121,1.5696121,1.3640064,1.3640064,1.3640064,1.3640064,1.6450186,1.6450186,1.6450186,1.6450186
