0.6,0.6,0.6,0.6,0.6,0.6,0.6,0.6,0.6,0.6,0.6,0.6,0.6,0.6,0.6,0.6,0.6,0.6,0.6,0.6,0.6,0.6,0.6,0.6,0.6,0.6,0.6,0.6,0.6,0.6,0.6,0.6,0.6,0.6,0.6,0.6,0.6,0.6,0.6,0.6,0.6,0.6,0.6,0.6,0.6,0.6,0.6,0.6,0.6,0.6,0.6,0.6,0.6,0.6,0.6,0.6,0.6,0.6,0.6,0.6,0.6,0.6,0.6,0.6,0.6,0.6,0.6,0.6,0.6,0.6,0.6,0.6,0.6,0.6,0.6,0.6,0.6,0.6,0.6,0.6,0.6,0.6,0.6,0.6,0.6,0.6,0.6,0.6,0.6,0.6,0.6,0.6,0.6,0.6,0.6,0.6,0.6,0.6,0.6,0.6,0.6,0.6,0.6,0.6,0.6,0.6,0.6,0.6,0.6,0.6,0.6,0.6,0.6,0.6,0.6,0.6,0.6,0.6,0.6,0.6
0.6,0.6,0.6,0.6,0.6,0.6,0.6,0.6,0.6,0.6,0.6,0.6,0.6,0.6,0.6,0.6,0.6,0.6,0.6,0.6,0.6,0.6,0.6,0.6,0.6,0.6,0.6,0.6,0.6,0.6,0.6,0.6,0.6,0.6,0.6,0.6,0.6,0.6,0.6,0.6,0.6,0.6,0.6,0.6,0.6,0.6,0.6,0.6,0.6,0.6,0.6,0.6,0.6,0.6,0.6,0.6,0.6,0.6,0.6,0.6,0.6,0.6,0.6,0.6,0.6,0.6,0.6,0.6,0.6,0.6,0.6,0.6,0.6,0.6,0.6,0.6,0.6,0.6,0.6,0.6,0.6,0.6,0.6,0.6,0.6,0.6,0.6,0.6,0.6,0.6,0.6,0.6,0.6,0.6,0.6,0.6,0.6,0.6,0.6,0.6,0.6,0.6,0.6,0.6,0.6,0.6,0.6,0.6,0.6,0.6,0.6,0.6,0.6,0.6,0.6,0.6,0.6,0.6,0.6,0.6
0.6,0.6,0.6,0.6,0.6,0.6,0.6,0.6,0.6,0.6,0.6,0.6,0.6,0.6,0.6,0.6,0.6,0.6,0.6,0.6,0.6,0.6,0.6,0.6,0.6,0.6,0.6,0.6,0.6,0.6,0.6,0.6,0.6,0.6,0.6,0.6,0.6,0.6,0.6,0.6,0.6,0.6,0.6,0.6,0.6,0.6,0.6,0.6,0.6,0.6,0.6,0.6,0.6,0.6,0.6,0.6,0.6,0.6,0.6,0.6,0.6,0.6,0.6,0.6,0.6,0.6,0.6,0.6,0.6,0.6,0.6,0.6,0.6,0.6,0.6,0.6,0.6,0.6,0.6,0.6,0.6,0.6,0.6,0.6,0.6,0.6,0.6,0.6,0.6,0.6,0.6,0.6,0.6,0.6,0.6,0.6,0.6,0.6,0.6,0.6,0.6,0.6,0.6,0.6,0.6,0.6,0.6,0.6,0.6,0.6,0.6,0.6,0.6,0.6,0.6,0.6,0.6,0.6,0.6,0.6
0.6,0.6,0.6,0.6,0.6,0.6,0.6,0.6,0.6,0.6,0.6,0.6,0.6,0.6,0.6,0.6,0.6,0.6,0.6,0.6,0.6,0.6,0.6,0.6,0.6,0.6,0.6,0.6,0.6,0.6,0.6,0.6,0.6,0.6,0.6,0.6,0.6,0.6,0.6,0.6,0.6,0.6,0.6,0.6,0.6,0.6,0.6,0.6,0.6,0.6,0.6,0.6,0.6,0.6,0.6,0.6,0.6,0.6,0.6,0.6,0.6,0.6,0.6,0.6,0.6,0.6,0.6,0.6,0.6,0.6,0.6,0.6,0.6,0.6,0.6,0.6,0.6,0.6,0.6,0.6,0.6,0.6,0.6,0.6,0.6,0.6,0.6,0.6,0.6,0.6,0.6,0.6,0.6,0.6,0.6,0.6,0.6,0.6,0.6,0.6,0.6,0.6,0.6,0.6,0.6,0.6,0.6,0.6,0.6,0.6,0.6,0.6,0.6,0.6,0.6,0.6,0.6,0.6,0.6,0.6
0.6,0.6,0.6,0.6,0.6,0.6,0.6,0.6,0.6,0.6,0.6,0.6,0.6,0.6,0.6,0.6,0.6,0.6,0.6,0.6,0.6,0.6,0.6,0.6,0.6,0.6,0.6,0.6,0.6,0.6,0.6,0.6,0.6,0.6,0.6,0.6,0.6,0.6,0.6,0.6,0.6,0.6,0.6,0.6,0.6,0.6,0.6,0.6,0.6,0.6,0.6,0.6,0.6,0.6,0.6,0.6,0.6,0.6,0.6,0.6,0.6,0.6,0.6,0.6,0.6,0.6,0.6,0.6,0.6,0.6,0.6,0.6,0.6,0.6,0.6,0.6,0.6,0.6,0.6,0.6,0.6,0.6,0.6,0.6,0.6,0.6,0.6,0.6,0.6,0.6,0.6,0.6,0.6,0.6,0.6,0.6,0.6,0.6,0.6,0.6,0.6,0.6,0.6,0.6,0.6,0.6,0.6,0.6,0.6,0.6,0.6,0.6,0.6,0.6,0.6,0.6,0.6,0.6,0.6,0.6
0.6,0.6,0.6,0.6,0.6,0.6,0.6,0.6,0.6,0.6,0.6,0.6,0.6,0.6,0.6,0.6,0.6,0.6,0.6,0.6,0.6,0.6,0.6,0.6,0.6,0.6,0.6,0.6,0.6,0.6,0.6,0.6,0.6,0.6,0.6,0.6,0.6,0.6,0.6,0.6,0.6,0.6,0.6,0.6,0.6,0.6,0.6,0.6,0.6,0.6,0.6,0.6,0.6,0.6,0.6,0.6,0.6,0.6,0.6,0.6,0.6,0.6,0.6,0.6,0.6,0.6,0.6,0.6,0.6,0.6,0.6,0.6,0.6,0.6,0.6,0.6,0.6,0.6,0.6,0.6,0.6,0.6,0.6,0.6,0.6,0.6,0.6,0.6,0.6,0.6,0.6,0.6,0.6,0.6,0.6,0.6,0.6,0.6,0.6,0.6,0.6,0.6,0.6,0.6,0.6,0.6,0.6,0.6,0.6,0.6,0.6,0.6,0.6,0.6,0.6,0.6,0.6,0.6,0.6,0.6
0.6,0.6,0.6,0.6,0.6,0.6,0.6,0.6,0.6,0.6,0.6,0.6,0.6,0.6,0.6,0.6,0.6,0.6,0.6,0.6,0.6,0.6,0.6,0.6,0.6,0.6,0.6,0.6,0.6,0.6,0.6,0.6,0.6,0.6,0.6,0.6,0.6,0.6,0.6,0.6,0.6,0.6,0.6,0.6,0.6,0.6,0.6,0.6,0.6,0.6,0.6,0.6,0.6,0.6,0.6,0.6,0.6,0.6,0.6,0.6,0.6,0.6,0.6,0.6,0.6,0.6,0.6,0.6,0.6,0.6,0.6,0.6,0.6,0.6,0.6,0.6,0.6,0.6,0.6,0.6,0.6,0.6,0.6,0.6,0.6,0.6,0.6,0.6,0.6,0.6,0.6,0.6,0.6,0.6,0.6,0.6,0.6,0.6,0.6,0.6,0.6,0.6,0.6,0.6,0.6,0.6,0.6,0.6,0.6,0.6,0.6,0.6,0.6,0.6,0.6,0.6,0.6,0.6,0.6,0.6
0.6,0.6,0.6,0.6,0.6,0.6,0.6,0.6,0.6,0.6,0.6,0.6,0.6,0.6,0.6,0.6,0.6,0.6,0.6,0.6,0.6,0.6,0.6,0.6,0.6,0.6,0.6,0.6,0.6,0.6,0.6,0.6,0.6,0.6,0.6,0.6,0.6,0.6,0.6,0.6,0.6,0.6,0.6,0.6,0.6,0.6,0.6,0.6,0.6,0.6,0.6,0.6,0.6,0.6,0.6,0.6,0.6,0.6,0.6,0.6,0.6,0.6,0.6,0.6,0.6,0.6,0.6,0.6,0.6,0.6,0.6,0.6,0.6,0.6,0.6,0.6,0.6,0.6,0.6,0.6,0.6,0.6,0.6,0.6,0.6,0.6,0.6,0.6,0.6,0.6,0.6,0.6,0.6,0.6,0.6,0.6,0.6,0.6,0.6,0.6,0.6,0.6,0.6,0.6,0.6,0.6,0.6,0.6,0.6,0.6,0.6,0.6,0.6,0.6,0.6,0.6,0.6,0.6,0.6,0.6
0.6,0.6,0.6,0.6,0.6,0.6,0.6,0.6,0.6,0.6,0.6,0.6,0.6,0.6,0.6,0.6,0.6,0.6,0.6,0.6,0.6,0.6,0.6,0.6,0.6,0.6,0.6,0.6,0.6,0.6,0.6,0.6,0.6,0.6,0.6,0.6,0.6,0.6,0.6,0.6,0.6,0.6,0.6,0.6,0.6,0.6,0.6,0.6,0.6,0.6,0.6,0.6,0.6,0.6,0.6,0.6,0.6,0.6,0.6,0.6,0.6,0.6,0.6,0.6,0.6,0.6,0.6,0.6,0.6,0.6,0.6,0.6,0.6,0.6,0.6,0.6,0.6,0.6,0.6,0.6,0.6,0.6,0.6,0.6,0.6,0.6,0.6,0.6,0.6,0.6,0.6,0.6,0.6,0.6,0.6,0.6,0.6,0.6,0.6,0.6,0.6,0.6,0.6,0.6,0.6,0.6,0.6,0.6,0.6,0.6,0.6,0.6,0.6,0.6,0.6,0.6,0.6,0.6,0.6,0.6
0.6,0.6,0.6,0.6,0.6,0.6,0.6,0.6,0.6,0.6,0.6,0.6,0.6,0.6,0.6,0.6,0.6,0.6,0.6,0.6,0.6,0.6,0.6,0.6,0.6,0.6,0.6,0.6,0.6,0.6,0.6,0.6,0.6,0.6,0.6,0.6,0.6,0.6,0.6,0.6,0.6,0.6,0.6,0.6,0.6,0.6,0.6,0.6,0.6,0.6,0.6,0.6,0.6,0.6,0.6,0.6,0.6,0.6,0.6,0.6,0.6,0.6,0.6,0.6,0.6,0.6,0.6,0.6,0.6,0.6,0.6,0.6,0.6,0.6,0.6,0.6,0.6,0.6,0.6,0.6,0.6,0.6,0.6,0.6,0.6,0.6,0.6,0.6,0.6,0.6,0.6,0.6,0.6,0.6,0.6,0.6,0.6,0.6,0.6,0.6,0.6,0.6,0.6,0.6,0.6,0.6,0.6,0.6,0.6,0.6,0.6,0.6,0.6,0.6,0.6,0.6,0.6,0.6,0.6,0.6
0.6,0.6,0.6,0.6,0.6,0.6,0.6,0.6,0.6,0.6,0.6,0.6,0.6,0.6,0.6,0.6,0.6,0.6,0.6,0.6,0.6,0.6,0.6,0.6,0.6,0.6,0.6,0.6,0.6,0.6,0.6,0.6,0.6,0.6,0.6,0.6,0.6,0.6,0.6,0.6,0.6,0.6,0.6,0.6,0.6,0.6,0.6,0.6,0.6,0.6,0.6,0.6,0.6,0.6,0.6,0.6,0.6,0.6,0.6,0.6,0.6,0.6,0.6,0.6,0.6,0.6,0.6,0.6,0.6,0.6,0.6,0.6,0.6,0.6,0.6,0.6,0.6,0.6,0.6,0.6,0.6,0.6,0.6,0.6,0.6,0.6,0.6,0.6,0.6,0.6,0.6,0.6,0.6,0.6,0.6,0.6,0.6,0.6,0.6,0.6,0.6,0.6,0.6,0.6,0.6,0.6,0.6,0.6,0.6,0.6,0.6,0.6,0.6,0.6,0.6,0.6,0.6,0.6,0.6,0.6
0.6,0.6,0.6,0.6,0.6,0.6,0.6,0.6,0.6,0.6,0.6,0.6,0.6,0.6,0.6,0.6,0.6,0.6,0.6,0.6,0.6,0.6,0.6,0.6,0.6,0.6,0.6,0.6,0.6,0.6,0.6,0.6,0.6,0.6,0.6,0.6,0.6,0.6,0.6,0.6,0.6,0.6,0.6,0.6,0.6,0.6,0.6,0.6,0.6,0.6,0.6,0.6,0.6,0.6,0.6,0.6,0.6,0.6,0.6,0.6,0.6,0.6,0.6,0.6,0.6,0.6,0.6,0.6,0.6,0.6,0.6,0.6,0.6,0.6,0.6,0.6,0.6,0.6,0.6,0.6,0.6,0.6,0.6,0.6,0.6,0.6,0.6,0.6,0.6,0.6,0.6,0.6,0.6,0.6,0.6,0.6,0.6,0.6,0.6,0.6,0.6,0.6,0.6,0.6,0.6,0.6,0.6,0.6,0.6,0.6,0.6,0.6,0.6,0.6,0.6,0.6,0.6,0.6,0.6,0.6
0.6,0.6,0.6,0.6,0.6,0.6,0.6,0.6,0.6,0.6,0.6,0.6,0.6,0.6,0.6,0.6,0.6,0.6,0.6,0.6,0.6,0.6,0.6,0.6,0.6,0.6,0.6,0.6,0.6,0.6,0.6,0.6,0.6,0.6,0.6,0.6,0.6,0.6,0.6,0.6,0.6,0.6,0.6,0.6,0.6,0.6,0.6,0.6,0.6,0.6,0.6,0.6,0.6,0.6,0.6,0.6,0.6,0.6,0.6,0.6,0.6,0.6,0.6,0.6,0.6,0.6,0.6,0.6,0.6,0.6,0.6,0.6,0.6,0.6,0.6,0.6,0.6,0.6,0.6,0.6,0.6,0.6,0.6,0.6,0.6,0.6,0.6,0.6,0.6,0.6,0.6,0.6,0.6,0.6,0.6,0.6,0.6,0.6,0.6,0.6,0.6,0.6,0.6,0.6,0.6,0.6,0.6,0.6,0.6,0.6,0.6,0.6,0.6,0.6,0.6,0.6,0.6,0.6,0.6,0.6
0.6,0.6,0.6,0.6,0.6,0.6,0.6,0.6,0.6,0.6,0.6,0.6,0.6,0.6,0.6,0.6,0.6,0.6,0.6,0.6,0.6,0.6,0.6,0.6,0.6,0.6,0.6,0.6,0.6,0.6,0.6,0.6,0.6,0.6,0.6,0.6,0.6,0.6,0.6,0.6,0.6,0.6,0.6,0.6,0.6,0.6,0.6,0.6,0.6,0.6,0.6,0.6,0.6,0.6,0.6,0.6,0.6,0.6,0.6,0.6,0.6,0.6,0.6,0.6,0.6,0.6,0.6,0.6,0.6,0.6,0.6,0.6,0.6,0.6,0.6,0.6,0.6,0.6,0.6,0.6,0.6,0.6,0.6,0.6,0.6,0.6,0.6,0.6,0.6,0.6,0.6,0.6,0.6,0.6,0.6,0.6,0.6,0.6,0.6,0.6,0.6,0.6,0.6,0.6,0.6,0.6,0.6,0.6,0.6,0.6,0.6,0.6,0.6,0.6,0.6,0.6,0.6,0.6,0.6,0.6
0.6,0.6,0.6,0.6,0.6,0.6,0.6,0.6,0.6,0.6,0.6,0.6,0.6,0.6,0.6,0.6,0.6,0.6,0.6,0.6,0.6,0.6,0.6,0.6,0.6,0.6,0.6,0.6,0.6,0.6,0.6,0.6,0.6,0.6,0.6,0.6,0.6,0.6,0.6,0.6,0.6,0.6,0.6,0.6,0.6,0.6,0.6,0.6,0.6,0.6,0.6,0.6,0.6,0.6,0.6,0.6,0.6,0.6,0.6,0.6,0.6,0.6,0.6,0.6,0.6,0.6,0.6,0.6,0.6,0.6,0.6,0.6,0.6,0.6,0.6,0.6,0.6,0.6,0.6,0.6,0.6,0.6,0.6,0.6,0.6,0.6,0.6,0.6,0.6,0.6,0.6,0.6,0.6,0.6,0.6,0.6,0.6,0.6,0.6,0.6,0.6,0.6,0.6,0.6,0.6,0.6,0.6,0.6,0.6,0.6,0.6,0.6,0.6,0.6,0.6,0.6,0.6,0.6,0.6,0.6
0.6,0.6,0.6,0.6,0.6,0.6,0.6,0.6,0.6,0.6,0.6,0.6,0.6,0.6,0.6,0.6,0.6,0.6,0.6,0.6,0.6,0.6,0.6,0.6,0.6,0.6,0.6,0.6,0.6,0.6,0.6,0.6,0.6,0.6,0.6,0.6,0.6,0.6,0.6,0.6,0.6,0.6,0.6,0.6,0.6,0.6,0.6,0.6,0.6,0.6,0.6,0.6,0.6,0.6,0.6,0.6,0.6,0.6,0.6,0.6,0.6,0.6,0.6,0.6,0.6,0.6,0.6,0.6,0.6,0.6,0.6,0.6,0.6,0.6,0.6,0.6,0.6,0.6,0.6,0.6,0.6,0.6,0.6,0.6,0.6,0.6,0.6,0.6,0.6,0.6,0.6,0.6,0.6,0.6,0.6,0.6,0.6,0.6,0.6,0.6,0.6,0.6,0.6,0.6,0.6,0.6,0.6,0.6,0.6,0.6,0.6,0.6,0.6,0.6,0.6,0.6,0.6,0.6,0.6,0.6
0.6,0.6,0.6,0.6,0.6,0.6,0.6,0.6,0.6,0.6,0.6,0.6,0.6,0.6,0.6,0.6,0.6,0.6,0.6,0.6,0.6,0.6,0.6,0.6,0.6,0.6,0.6,0.6,0.6,0.6,0.6,0.6,0.6,0.6,0.6,0.6,0.6,0.6,0.6,0.6,0.6,0.6,0.6,0.6,0.6,0.6,0.6,0.6,0.6,0.6,0.6,0.6,0.6,0.6,0.6,0.6,0.6,0.6,0.6,0.6,1.0017177,1.0017177,1.0017177,1.0017177,0.6,0.6,0.6,0.6,0.6,0.6,0.6,0.6,0.6,0.6,0.6,0.6,0.6,0.6,0.6,0.6,0.6,0.6,0.6,0.6,0.6,0.6,0.6,0.6,0.6,0.6,0.6,0.6,0.6,0.6,0.6,0.6,0.6,0.6,0.6,0.6,0.6,0.6,0.6,0.6,0.6,0.6,0.6,0.6,0.6,0.6,0.6,0.6,0.6,0.6,0.6,0.6,0.6,0.6,0.6,0.6
0.6,0.6,0.6,0.6,0.6,0.6,0.6,0.6,0.6,0.6,0.6,0.6,0.6,0.6,0.6,0.6,0.6,0.6,0.6,0.6,0.6,0.6,0.6,0.6,0.6,0.6,0.6,0.6,0.6,0.6,0.6,0.6,0.6,0.6,0.6,0.6,0.6,0.6,0.6,0.6,0.6,0.6,0.6,0.6,0.6,0.6,0.6,0.6,0.6,0.6,0.6,0.6,0.6,0.6,0.6,0.6,0.6,0.6,0.6,0.6,1.0017177,1.0017177,1.0017177,1.0017177,0.6,0.6,0.6,0.6,0.6,0.6,0.6,0.6,0.6,0.6,0.6,0.6,0.6,0.6,0.6,0.6,0.6,0.6,0.6,0.6,0.6,0.6,0.6,0.6,0.6,0.6,0.6,0.6,0.6,0.6,0.6,0.6,0.6,0.6,0.6,0.6,0.6,0.6,0.6,0.6,0.6,0.6,0.6,0.6,0.6,0.6,0.6,0.6,0.6,0.6,0.6,0.6,0.6,0.6,0.6,0.6
0.6,0.6,0.6,0.6,0.6,0.6,0.6,0.6,0.6,0.6,0.6,0.6,0.6,0.6,0.6,0.6,0.6,0.6,0.6,0.6,0.6,0.6,0.6,0.6,0.6,0.6,0.6,0.6,0.6,0.6,0.6,0.6,0.6,0.6,0.6,0.6,0.6,0.6,0.6,0.6,0.6,0.6,0.6,0.6,0.6,0.6,0.6,0.6,0.6,0.6,0.6,0.6,0.6,0.6,0.6,0.6,0.6,0.6,0.6,0.6,1.0017177,1.0017177,1.0017177,1.0017177,0.6,0.6,0.6,0.6,0.6,0.6,0.6,0.6,0.6,0.6,0.6,0.6,0.6,0.6,0.6,0.6,0.6,0.6,0.6,0.6,0.6,0.6,0.6,0.6,0.6,0.6,0.6,0.6,0.6,0.6,0.6,0.6,0.6,0.6,0.6,0.6,0.6,0.6,0.6,0.6,0.6,0.6,0.6,0.6,0.6,0.6,0.6,0.6,0.6,0.6,0.6,0.6,0.6,0.6,0.6,0.6
0.6,0.6,0.6,0.6,0.6,0.6,0.6,0.6,0.6,0.6,0.6,0.6,0.6,0.6,0.6,0.6,0.6,0.6,0.6,0.6,0.6,0.6,0.6,0.6,0.6,0.6,0.6,0.6,0.6,0.6,0.6,0.6,0.6,0.6,0.6,0.6,0.6,0.6,0.6,0.6,0.6,0.6,0.6,0.6,0.6,0.6,0.6,0.6,0.6,0.6,0.6,0.6,0.6,0.6,0.6,0.6,0.6,0.6,0.6,0.6,1.0017177,1.0017177,1.0017177,1.0017177,0.6,0.6,0.6,0.6,0.6,0.6,0.6,0.6,0.6,0.6,0.6,0.6,0.6,0.6,0.6,0.6,0.6,0.6,0.6,0.6,0.6,0.6,0.6,0.6,0.6,0.6,0.6,0.6,0.6,0.6,0.6,0.6,0.6,0.6,0.6,0.6,0.6,0.6,0.6,0.6,0.6,0.6,0.6,0.6,0.6,0.6,0.6,0.6,0.6,0.6,0.6,0.6,0.6,0.6,0.6,0.6
0.6,0.6,0.6,0.6,0.6,0.6,0.6,0.6,0.6,0.6,0.6,0.6,0.6,0.6,0.6,0.6,0.6,0.6,0.6,0.6,0.6,0.6,0.6,0.6,0.6,0.6,0.6,0.6,0.6,0.6,0.6,0.6,0.6,0.6,0.6,0.6,0.6,0.6,0.6,0.6,0.6,0.6,0.6,0.6,0.6,0.6,0.6,0.6,0.6,0.6,0.6,0.6,0.6,0.6,0.6,0.6,0.6,0.6,0.6,0.6,1.4703618,1.4703618,1.4703618,1.4703618,0.6,0.6,0.6,0.6,0.6,0.6,0.6,0.6,0.6,0.6,0.6,0.6,0.6,0.6,0.6,0.6,0.6,0.6,0.6,0.6,0.6,0.6,0.6,0.6,0.6,0.6,0.6,0.6,0.6,0.6,0.6,0.6,0.6,0.6,0.6,0.6,0.6,0.6,0.6,0.6,0.6,0.6,0.6,0.6,0.6,0.6,0.6,0.6,0.6,0.6,0.6,0.6,0.6,0.6,0.6,0.6
0.6,0.6,0.6,0.6,0.6,0.6,0.6,0.6,0.6,0.6,0.6,0.6,0.6,0.6,0.6,0.6,0.6,0.6,0.6,0.6,0.6,0.6,0.6,0.6,0.6,0.6,0.6,0.6,0.6,0.6,0.6,0.6,0.6,0.6,0.6,0.6,0.6,0.6,0.6,0.6,0.6,0.6,0.6,0.6,0.6,0.6,0.6,0.6,0.6,0.6,0.6,0.6,0.6,0.6,0.6,0.6,0.6,0.6,0.6,0.6,1.4703618,1.4703618,1.4703618,1.4703618,0.6,0.6,0.6,0.6,0.6,0.6,0.6,0.6,0.6,0.6,0.6,0.6,0.6,0.6,0.6,0.6,0.6,0.6,0.6,0.6,0.6,0.6,0.6,0.6,0.6,0.6,0.6,0.6,0.6,0.6,0.6,0.6,0.6,0.6,0.6,0.6,0.6,0.6,0.6,0.6,0.6,0.6,0.6,0.6,0.6,0.6,0.6,0.6,0.6,0.6,0.6,0.6,0.6,0.6,0.6,0.6
0.6,0.6,0.6,0.6,0.6,0.6,0.6,0.6,0.6,0.6,0.6,0.6,0.6,0.6,0.6,0.6,0.6,0.6,0.6,0.6,0.6,0.6,0.6,0.6,0.6,0.6,0.6,0.6,0.6,0.6,0.6,0.6,0.6,0.6,0.6,0.6,0.6,0.6,0.6,0.6,0.6,0.6,0.6,0.6,0.6,0.6,0.6,0.6,0.6,0.6,0.6,0.6,0.6,0.6,0.6,0.6,0.6,0.6,0.6,0.6,1.4703618,1.4703618,1.4703618,1.4703618,0.6,0.6,0.6,0.6,0.6,0.6,0.6,0.6,0.6,0.6,0.6,0.6,0.6,0.6,0.6,0.6,0.6,0.6,0.6,0.6,0.6,0.6,0.6,0.6,0.6,0.6,0.6,0.6,0.6,0.6,0.6,0.6,0.6,0.6,0.6,0.6,0.6,0.6,0.6,0.6,0.6,0.6,0.6,0.6,0.6,0.6,0.6,0.6,0.6,0.6,0.6,0.6,0.6,0.6,0.6,0.6
0.6,0.6,0.6,0.6,0.6,0.6,0.6,0.6,0.6,0.6,0.6,0.6,0.6,0.6,0.6,0.6,0.6,0.6,0.6,0.6,0.6,0.6,0.6,0.6,0.6,0.6,0.6,0.6,0.6,0.6,0.6,0.6,0.6,0.6,0.6,0.6,0.6,0.6,0.6,0.6,0.6,0.6,0.6,0.6,0.6,0.6,0.6,0.6,0.6,0.6,0.6,0.6,0.6,0.6,0.6,0.6,0.6,0.6,0.6,0.6,1.4703618,1.4703618,1.4703618,1.4703618,0.6,0.6,0.6,0.6,0.6,0.6,0.6,0.6,0.6,0.6,0.6,0.6,0.6,0.6,0.6,0.6,0.6,0.6,0.6,0.6,0.6,0.6,0.6,0.6,0.6,0.6,0.6,0.6,0.6,0.6,0.6,0.6,0.6,0.6,0.6,0.6,0.6,0.6,0.6,0.6,0.6,0.6,0.6,0.6,0.6,0.6,0.6,0.6,0.6,0.6,0.6,0.6,0.6,0.6,0.6,0.6
0.6,0.6,0.6,0.6,0.6,0.6,0.6,0.6,0.60007787,0.60007787,0.60007787,0.60007787,0.95251155,0.95251155,0.95251155,0.95251155,0.6,0.6,0.6,0.6,0.6,0.6,0.6,0.6,0.6,0.6,0.6,0.6,0.6,0.6,0.6,0.6,0.6,0.6,0.6,0.6,0.6,0.6,0.6,0.6,1.0719131,1.0719131,1.0719131,1.0719131,0.6,0.6,0.6,0.6,1.0793655,1.0793655,1.0793655,1.0793655,1.0593712,1.0593712,1.0593712,1.0593712,0.6,0.6,0.6,0.6,1.6325437,1.6325437,1.6325437,1.6325437,0.6,0.6,0.6,0.6,0.6643992,0.6643992,0.6643992,0.6643992,0.6,0.6,0.6,0.6,0.6,0.6,0.6,0.6,0.6,0.6,0.6,0.6,0.6,0.6,0.6,0.6,0.6,0.6,0.6,0.6,0.6,0.6,0.6,0.6,0.6,0.6,0.6,0.6,0.6,0.6,0.6,0.6,0.6,0.6,0.6,0.6,0.6,0.6,0.6,0.6,0.6,0.6,0.6,0.6,0.6,0.6,0.6,0.6
0.6,0.6,0.6,0.6,0.6,0.6,0.6,0.6,0.60007787,0.60007787,0.60007787,0.60007787,0.95251155,0.95251155,0.95251155,0.95251155,0.6,0.6,0.6,0.6,0.6,0.6,0.6,0.6,0.6,0.6,0.6,0.6,0.6,0.6,0.6,0.6,0.6,0.6,0.6,0.6,0.6,0.6,0.6,0.6,1.0719131,1.0719131,1.0719131,1.0719131,0.6,0.6,0.6,0.6,1.0793655,1.0793655,1.0793655,1.0793655,1.0593712,1.0593712,1.0593712,1.0593712,0.6,0.6,0.6,0.6,1.6325437,1.6325437,1.6325437,1.6325437,0.6,0.6,0.6,0.6,0.6643992,0.6643992,0.6643992,0.6643992,0.6,0.6,0.6,0.6,0.6,0.6,0.6,0.6,0.6,0.6,0.6,0.6,0.6,0.6,0.6,0.6,0.6,0.6,0.6,0.6,0.6,0.6,0.6,0.6,0.6,0.6,0.6,0.6,0.6,0.6,0.6,0.6,0.6,0.6,0.6,0.6,0.6,0.6,0.6,0.6,0.6,0.6,0.6,0.6,0.6,0.6,0.6,0.6
0.6,0.6,0.6,0.6,0.6,0.6,0.6,0.6,0.60007787,0.60007787,0.60007787,0.60007787,0.95251155,0.95251155,0.95251155,0.95251155,0.6,0.6,0.6,0.6,0.6,0.6,0.6,0.6,0.6,0.6,0.6,0.6,0.6,0.6,0.6,0.6,0.6,0.6,0.6,0.6,0.6,0.6,0.6,0.6,1.0719131,1.0719131,1.0719131,1.0719131,0.6,0.6,0.6,0.6,1.0793655,1.0793655,1.0793655,1.0793655,1.0593712,1.0593712,1.0593712,1.0593712,0.6,0.6,0.6,0.6,1.6325437,1.6325437,1.6325437,1.6325437,0.6,0.6,0.6,0.6,0.6643992,0.6643992,0.6643992,0.6643992,0.6,0.6,0.6,0.6,0.6,0.6,0.6,0.6,0.6,0.6,0.6,0.6,0.6,0.6,0.6,0.6,0.6,0.6,0.6,0.6,0.6,0.6,0.6,0.6,0.6,0.6,0.6,0.6,0.6,0.6,0.6,0.6,0.6,0.6,0.6,0.6,0.6,0.6,0.6,0.6,0.6,0.6,0.6,0.6,0.6,0.6,0.6,0.6
0.6,0.6,0.6,0.6,0.6,0.6,0.6,0.6,0.60007787,0.60007787,0.60007787,0.60007787,0.95251155,0.95251155,0.95251155,0.95251155,0.6,0.6,0.6,0.6,0.6,0.6,0.6,0.6,0.6,0.6,0.6,0.6,0.6,0.6,0.6,0.6,0.6,0.6,0.6,0.6,0.6,0.6,0.6,0.6,1.0719131,1.0719131,1.0719131,1.0719131,0.6,0.6,0.6,0.6,1.0793655,1.0793655,1.0793655,1.0793655,1.0593712,1.0593712,1.0593712,1.0593712,0.6,0.6,0.6,0.6,1.6325437,1.6325437,1.6325437,1.6325437,0.6,0.6,0.6,0.6,0.6643992,0.6643992,0.6643992,0.6643992,0.6,0.6,0.6,0.6,0.6,0.6,0.6,0.6,0.6,0.6,0.6,0.6,0.6,0.6,0.6,0.6,0.6,0.6,0.6,0.6,0.6,0.6,0.6,0.6,0.6,0.6,0.6,0.6,0.6,0.6,0.6,0.6,0.6,0.6,0.6,0.6,0.6,0.6,0.6,0.6,0.6,0.6,0.6,0.6,0.6,0.6,0.6,0.6
1.3211471,1.3211471,1.3211471,1.3211471,1.4860462,1.4860462,1.4860462,1.4860462,1.3829345,1.3829345,1.3829345,1.3829345,1.3377681,1.3377681,1.3377681,1.3377681,1.6834362,1.6834362,1.6834362,1.6834362,1.6741431,1.6741431,1.6741431,1.6741431,1.8362569,1.8362569,1.8362569,1.8362569,1.4433587,1.4433587,1.4433587,1.4433587,1.718445,1.718445,1.718445,1.718445,1.961592,1.961592,1.961592,1.961592,1.3340915,1.3340915,1.3340915,1.3340915,1.3779259,1.3779259,1.3779259,1.3779259,1.9642979,1.9642979,1.9642979,1.9642979,2.1833332,2.1833332,2.1833332,2.1833332,1.6576754,1.6576754,1.6576754,1.6576754,2.7750766,2.7750766,2.7750766,2.7750766,2.373452,2.373452,2.373452,2.373452,1.9765624,1.9765624,1.9765624,1.9765624,1.5558109,1.5558109,1.5558109,1.5558109,1.3178332,1.3178332,1.3178332,1.3178332,1.3307785,1.3307785,1.3307785,1.3307785,1.2478372,1.2478372,1.2478372,1.2478372,1.1457089,1.1457089,1.1457089,1.1457089,1.3447555,1.3447555,1.3447555,1.3447555,1.0144908,1.0144908,1.0144908,1.0144908,1.1421596,1.1421596,1.1421596,1.1421596,1.0239868,1.0239868,1.0239868,1.0239868,0.93141216,0.93141216,0.93141216,0.93141216,0.87345815,0.87345815,0.87345815,0.87345815,0.8694067,0.8694067,0.8694067,0.8694067
1.3211471,1.3211471,1.3211471,1.3211471,1.4860462,1.4860462,1.4860462,1.4860462,1.3829345,1.3829345,1.3829345,1.3829345,1.3377681,1.3377681,1.3377681,1.3377681,1.6834362,1.6834362,1.6834362,1.6834362,1.6741431,1.6741431,1.6741431,1.6741431,1.8362569,1.8362569,1.8362569,1.8362569,1.4433587,1.4433587,1.4433587,1.4433587,1.718445,1.718445,1.718445,1.718445,1.961592,1.961592,1.961592,1.961592,1.3340915,1.3340915,1.3340915,1.3340915,1.3779259,1.3779259,1.3779259,1.3779259,1.9642979,1.9642979,1.9642979,1.9642979,2.1833332,2.1833332,2.1833332,2.1833332,1.6576754,1.6576754,1.6576754,1.6576754,2.7750766,2.7750766,2.7750766,2.7750766,2.373452,2.373452,2.373452,2.373452,1.9765624,1.9765624,1.9765624,1.9765624,1.5558109,1.5558109,1.5558109,1.5558109,1.3178332,1.3178332,1.3178332,1.3178332,1.3307785,1.3307785,1.3307785,1.3307785,1.2478372,1.2478372,1.2478372,1.2478372,1.1457089,1.1457089,1.1457089,1.1457089,1.3447555,1.3447555,1.3447555,1.3447555,1.0144908,1.0144908,1.0144908,1.0144908,1.1421596,1.1421596,1.1421596,1.1421596,1.0239868,1.0239868,1.0239868,1.0239868,0.93141216,0.93141216,0.93141216,0.93141216,0.87345815,0.87345815,0.87345815,0.87345815,0.8694067,0.8694067,0.8694067,0.8694067
1.3211471,1.3211471,1.3211471,1.3211471,1.4860462,1.4860462,1.4860462,1.4860462,1.3829345,1.3829345,1.3829345,1.3829345,1.3377681,1.3377681,1.3377681,1.3377681,1.6834362,1.6834362,1.6834362,1.6834362,1.6741431,1.6741431,1.6741431,1.6741431,1.8362569,1.8362569,1.8362569,1.8362569,1.4433587,1.4433587,1.4433587,1.4433587,1.718445,1.718445,1.718445,1.718445,1.961592,1.961592,1.961592,1.961592,1.3340915,1.3340915,1.3340915,1.3340915,1.3779259,1.3779259,1.3779259,1.3779259,1.9642979,1.9642979,1.9642979,1.9642979,2.1833332,2.1833332,2.1833332,2.1833332,1.6576754,1.6576754,1.6576754,1.6576754,2.7750766,2.7750766,2.7750766,2.7750766,2.373452,2.373452,2.373452,2.373452,1.9765624,1.9765624,1.9765624,1.9765624,1.5558109,1.5558109,1.5558109,1.5558109,1.3178332,1.3178332,1.3178332,1.3178332,1.3307785,1.3307785,1.3307785,1.3307785,1.2478372,1.2478372,1.2478372,1.2478372,1.1457089,1.1457089,1.1457089,1.1457089,1.3447555,1.3447555,1.3447555,1.3447555,1.0144908,1.0144908,1.0144908,1.0144908,1.1421596,1.1421596,1.1421596,1.1421596,1.0239868,1.0239868,1.0239868,1.0239868,0.93141216,0.93141216,0.93141216,0.93141216,0.87345815,0.87345815,0.87345815,0.87345815,0.8694067,0.8694067,0.8694067,0.8694067
1.3211471,1.3211471,1.3211471,1.3211471,1.4860462,1.4860462,1.4860462,1.4860462,1.3829345,1.3829345,1.3829345,1.3829345,1.3377681,1.3377681,1.3377681,1.3377681,1.6834362,1.6834362,1.6834362,1.6834362,1.6741431,1.6741431,1.6741431,1.6741431,1.8362569,1.8362569,1.8362569,1.8362569,1.4433587,1.4433587,1.4433587,1.4433587,1.718445,1.718445,1.718445,1.718445,1.961592,1.961592,1.961592,1.961592,1.3340915,1.3340915,1.3340915,1.3340915,1.3779259,1.3779259,1.3779259,1.3779259,1.9642979,1.9642979,1.9642979,1.9642979,2.1833332,2.1833332,2.1833332,2.1833332,1.6576754,1.6576754,1.6576754,1.6576754,2.7750766,2.7750766,2.7750766,2.7750766,2.373452,2.373452,2.373452,2.373452,1.9765624,1.9765624,1.9765624,1.9765624,1.5558109,1.5558109,1.5558109,1.5558109,1.3178332,1.3178332,1.3178332,1.3178332,1.3307785,1.3307785,1.3307785,1.3307785,1.2478372,1.2478372,1.2478372,1.2478372,1.1457089,1.1457089,1.1457089,1.1457089,1.3447555,1.3447555,1.3447555,1.3447555,1.0144908,1.0144908,1.0144908,1.0144908,1.1421596,1.1421596,1.1421596,1.1421596,1.0239868,1.0239868,1.0239868,1.0239868,0.93141216,0.93141216,0.93141216,0.93141216,0.87345815,0.87345815,0.87345815,0.87345815,0.8694067,0.8694067,0.8694067,0.8694067
1.4684047,1.4684047,1.4684047,1.4684047,1.6215209,1.6215209,1.6215209,1.6215209,1.5649118,1.5649118,1.5649118,1.5649118,1.5055978,1.5055978,1.5055978,1.5055978,1.7440346,1.7440346,1.7440346,1.7440346,1.8918629,1.8918629,1.8918629,1.8918629,2.1442435,2.1442435,2.1442435,2.1442435,2.3916576,2.3916576,2.3916576,2.3916576,2.5043142,2.5043142,2.5043142,2.5043142,2.235912,2.235912,2.235912,2.235912,2.4528673,2.4528673,2.4528673,2.4528673,2.8815708,2.8815708,2.8815708,2.8815708,2.1806364,2.1806364,2.1806364,2.1806364,2.5940707,2.5940707,2.5940707,2.5940707,2.766664,2.766664,2.766664,2.766664,3.0,3.0,3.0,3.0,3.0,3.0,3.0,3.0,2.2150702,2.2150702,2.2150702,2.2150702,2.2353842,2.2353842,2.2353842,2.2353842,2.041166,2.041166,2.041166,2.041166,2.069381,2.069381,2.069381,2.069381,2.329083,2.329083,2.329083,2.329083,1.9427745,1.9427745,1.9427745,1.9427745,2.0732753,2.0732753,2.0732753,2.0732753,2.1078506,2.1078506,2.1078506,2.1078506,1.6238877,1.6238877,1.6238877,1.6238877,1.5743741,1.5743741,1.5743741,1.5743741,1.6376122,1.6376122,1.6376122,1.6376122,1.8061246,1.8061246,1.8061246,1.8061246,1.839318,1.839318,1.839318,1.839318
1.4684047,1.4684047,1.4684047,1.4684047,1.6215209,1.6215209,1.6215209,1.6215209,1.5649118,1.5649118,1.5649118,1.5649118,1.5055978,1.5055978,1.5055978,1.5055978,1.7440346,1.7440346,1.7440346,1.7440346,1.8918629,1.8918629,1.8918629,1.8918629,2.1442435,2.1442435,2.1442435,2.1442435,2.3916576,2.3916576,2.3916576,2.3916576,2.5043142,2.5043142,2.5043142,2.5043142,2.235912,2.235912,2.235912,2.235912,2.4528673,2.4528673,2.4528673,2.4528673,2.8815708,2.8815708,2.8815708,2.8815708,2.1806364,2.1806364,2.1806364,2.1806364,2.5940707,2.5940707,2.5940707,2.5940707,2.766664,2.766664,2.766664,2.766664,3.0,3.0,3.0,3.0,3.0,3.0,3.0,3.0,2.2150702,2.2150702,2.2150702,2.2150702,2.2353842,2.2353842,2.2353842,2.2353842,2.041166,2.041166,2.041166,2.041166,2.069381,2.069381,2.069381,2.069381,2.329083,2.329083,2.329083,2.329083,1.9427745,1.9427745,1.9427745,1.9427745,2.0732753,2.0732753,2.0732753,2.0732753,2.1078506,2.1078506,2.1078506,2.1078506,1.6238877,1.6238877,1.6238877,1.6238877,1.5743741,1.5743741,1.5743741,1.5743741,1.6376122,1.6376122,1.6376122,1.6376122,1.8061246,1.8061246,1.8061246,1.8061246,1.839318,1.839318,1.839318,1.839318
1.4684047,1.4684047,1.4684047,1.4684047,1.6215209,1.6215209,1.6215209,1.6215209,1.5649118,1.5649118,1.5649118,1.5649118,1.5055978,1.5055978,1.5055978,1.5055978,1.7440346,1.7440346,1.7440346,1.7440346,1.8918629,1.8918629,1.8918629,1.8918629,2.1442435,2.1442435,2.1442435,2.1442435,2.3916576,2.3916576,2.3916576,2.3916576,2.5043142,2.5043142,2.5043142,2.5043142,2.235912,2.235912,2.235912,2.235912,2.4528673,2.4528673,2.4528673,2.4528673,2.8815708,2.8815708,2.8815708,2.8815708,2.1806364,2.1806364,2.1806364,2.1806364,2.5940707,2.5940707,2.5940707,2.5940707,2.766664,2.766664,2.766664,2.766664,3.0,3.0,3.0,3.0,3.0,3.0,3.0,3.0,2.2150702,2.2150702,2.2150702,2.2150702,2.2353842,2.2353842,2.2353842,2.2353842,2.041166,2.041166,2.041166,2.041166,2.069381,2.069381,2.069381,2.069381,2.329083,2.329083,2.329083,2.329083,1.9427745,1.9427745,1.9427745,1.9427745,2.0732753,2.0732753,2.0732753,2.0732753,2.1078506,2.1078506,2.1078506,2.1078506,1.6238877,1.6238877,1.6238877,1.6238877,1.5743741,1.5743741,1.5743741,1.5743741,1.6376122,1.6376122,1.6376122,1.6376122,1.8061246,1.8061246,1.8061246,1.8061246,1.839318,1.839318,1.839318,1.839318
1.4684047,1.4684047,1.4684047,1.4684047,1.6215209,1.6215209,1.6215209,1.6215209,1.5649118,1.5649118,1.5649118,1.5649118,1.5055978,1.5055978,1.5055978,1.5055978,1.7440346,1.7440346,1.7440346,1.7440346,1.8918629,1.8918629,1.8918629,1.8918629,2.1442435,2.1442435,2.1442435,2.1442435,2.3916576,2.3916576,2.3916576,2.3916576,2.5043142,2.5043142,2.5043142,2.5043142,2.235912,2.235912,2.235912,2.235912,2.4528673,2.4528673,2.4528673,2.4528673,2.8815708,2.8815708,2.8815708,2.8815708,2.1806364,2.1806364,2.1806364,2.1806364,2.5940707,2.5940707,2.5940707,2.5940707,2.766664,2.766664,2.766664,2.766664,3.0,3.0,3.0,3.0,3.0,3.0,3.0,3.0,2.2150702,2.2150702,2.2150702,2.2150702,2.2353842,2.2353842,2.2353842,2.2353842,2.041166,2.041166,2.041166,2.041166,2.069381,2.069381,2.069381,2.069381,2.329083,2.329083,2.329083,2.329083,1.9427745,1.9427745,1.9427745,1.9427745,2.0732753,2.0732753,2.0732753,2.0732753,2.1078506,2.1078506,2.1078506,2.1078506,1.6238877,1.6238877,1.6238877,1.6238877,1.5743741,1.5743741,1.5743741,1.5743741,1.6376122,1.6376122,1.6376122,1.6376122,1.8061246,1.8061246,1.8061246,1.8061246,1.839318,1.839318,1.839318,1.839318
1.8672358,1.8672358,1.8672358,1.8672358,1.5843716,1.5843716,1.5843716,1.5843716,1.6392678,1.6392678,1.6392678,1.6392678,2.0803213,2.0803213,2.0803213,2.0803213,2.1225622,2.1225622,2.1225622,2.1225622,2.3357816,2.3357816,2.3357816,2.3357816,2.3662605,2.3662605,2.3662605,2.3662605,2.278137,2.278137,2.278137,2.278137,2.0716052,2.0716052,2.0716052,2.0716052,2.3858974,2.3858974,2.3858974,2.3858974,2.565999,2.565999,2.565999,2.565999,2.2585378,2.2585378,2.2585378,2.2585378,2.647465,2.647465,2.647465,2.647465,2.4547722,2.4547722,2.4547722,2.4547722,3.0,3.0,3.0,3.0,2.9279025,2.9279025,2.9279025,2.9279025,2.825769,2.825769,2.825769,2.825769,3.0,3.0,3.0,3.0,3.0,3.0,3.0,3.0,3.0,3.0,3.0,3.0,2.6333163,2.6333163,2.6333163,2.6333163,2.6756074,2.6756074,2.6756074,2.6756074,2.2126243,2.2126243,2.2126243,2.2126243,2.5045803,2.5045803,2.5045803,2.5045803,2.3080747,2.3080747,2.3080747,2.3080747,2.401331,2.401331,2.401331,2.401331,2.0832038,2.0832038,2.0832038,2.0832038,2.1856184,2.1856184,2.1856184,2.1856184,1.7500937,1.7500937,1.7500937,1.7500937,1.7230226,1.7230226,1.7230226,1.7230226
1.8672358,1.8672358,1.8672358,1.8672358,1.5843716,1.5843716,1.5843716,1.5843716,1.6392678,1.6392678,1.6392678,1.6392678,2.0803213,2.0803213,2.0803213,2.0803213,2.1225622,2.1225622,2.1225622,2.1225622,2.3357816,2.3357816,2.3357816,2.3357816,2.3662605,2.3662605,2.3662605,2.3662605,2.278137,2.278137,2.278137,2.278137,2.0716052,2.0716052,2.0716052,2.0716052,2.3858974,2.3858974,2.3858974,2.3858974,2.565999,2.565999,2.565999,2.565999,2.2585378,2.2585378,2.2585378,2.2585378,2.647465,2.647465,2.647465,2.647465,2.4547722,2.4547722,2.4547722,2.4547722,3.0,3.0,3.0,3.0,2.9279025,2.9279025,2.9279025,2.9279025,2.825769,2.825769,2.825769,2.825769,3.0,3.0,3.0,3.0,3.0,3.0,3.0,3.0,3.0,3.0,3.0,3.0,2.6333163,2.6333163,2.6333163,2.6333163,2.6756074,2.6756074,2.6756074,2.6756074,2.2126243,2.2126243,2.2126243,2.2126243,2.5045803,2.5045803,2.5045803,2.5045803,2.3080747,2.3080747,2.3080747,2.3080747,2.401331,2.401331,2.401331,2.401331,2.0832038,2.0832038,2.0832038,2.0832038,2.1856184,2.1856184,2.1856184,2.1856184,1.7500937,1.7500937,1.7500937,1.7500937,1.7230226,1.7230226,1.7230226,1.7230226
1.8672358,1.8672358,1.8672358,1.8672358,1.5843716,1.5843716,1.5843716,1.5843716,1.6392678,1.6392678,1.6392678,1.6392678,2.0803213,2.0803213,2.0803213,2.0803213,2.1225622,2.1225622,2.1225622,2.1225622,2.3357816,2.3357816,2.3357816,2.3357816,2.3662605,2.3662605,2.3662605,2.3662605,2.278137,2.278137,2.278137,2.278137,2.0716052,2.0716052,2.0716052,2.0716052,2.3858974,2.3858974,2.3858974,2.3858974,2.565999,2.565999,2.565999,2.565999,2.2585378,2.2585378,2.2585378,2.2585378,2.647465,2.647465,2.647465,2.647465,2.4547722,2.4547722,2.4547722,2.4547722,3.0,3.0,3.0,3.0,2.9279025,2.9279025,2.9279025,2.9279025,2.825769,2.825769,2.825769,2.825769,3.0,3.0,3.0,3.0,3.0,3.0,3.0,3.0,3.0,3.0,3.0,3.0,2.6333163,2.6333163,2.6333163,2.6333163,2.6756074,2.6756074,2.6756074,2.6756074,2.2126243,2.2126243,2.2126243,2.2126243,2.5045803,2.5045803,2.5045803,2.5045803,2.3080747,2.3080747,2.3080747,2.3080747,2.401331,2.401331,2.401331,2.401331,2.0832038,2.0832038,2.0832038,2.0832038,2.1856184,2.1856184,2.1856184,2.1856184,1.7500937,1.7500937,1.7500937,1.7500937,1.7230226,1.7230226,1.7230226,1.7230226
1.8672358,1.8672358,1.8672358,1.8672358,1.5843716,1.5843716,1.5843716,1.5843716,1.6392678,1.6392678,1.6392678,1.6392678,2.0803213,2.0803213,2.0803213,2.0803213,2.1225622,2.1225622,2.1225622,2.1225622,2.3357816,2.3357816,2.3357816,2.3357816,2.3662605,2.3662605,2.3662605,2.3662605,2.278137,2.278137,2.278137,2.278137,2.0716052,2.0716052,2.0716052,2.0716052,2.3858974,2.3858974,2.3858974,2.3858974,2.565999,2.565999,2.565999,2.565999,2.2585378,2.2585378,2.2585378,2.2585378,2.647465,2.647465,2.647465,2.647465,2.4547722,2.4547722,2.4547722,2.4547722,3.0,3.0,3.0,3.0,2.9279025,2.9279025,2.9279025,2.9279025,2.825769,2.825769,2.825769,2.825769,3.0,3.0,3.0,3.0,3.0,3.0,3.0,3.0,3.0,3.0,3.0,3.0,2.6333163,2.6333163,2.6333163,2.6333163,2.6756074,2.6756074,2.6756074,2.6756074,2.2126243,2.2126243,2.2126243,2.2126243,2.5045803,2.5045803,2.5045803,2.5045803,2.3080747,2.3080747,2.3080747,2.3080747,2.401331,2.401331,2.401331,2.401331,2.0832038,2.0832038,2.0832038,2.0832038,2.1856184,2.1856184,2.1856184,2.1856184,1.7500937,1.7500937,1.7500937,1.7500937,1.7230226,1.7230226,1.7230226,1.7230226
1.3999354,1.3999354,1.3999354,1.3999354,1.5627807,1.5627807,1.5627807,1.5627807,1.5092536,1.5092536,1.5092536,1.5092536,1.8039496,1.8039496,1.8039496,1.8039496,2.242424,2.242424,2.242424,2.242424,2.183206,2.183206,2.183206,2.183206,2.2845418,2.2845418,2.2845418,2.2845418,2.129421,2.129421,2.129421,2.129421,1.9649377,1.9649377,1.9649377,1.9649377,2.3834016,2.3834016,2.3834016,2.3834016,2.1927922,2.1927922,2.1927922,2.1927922,2.2010627,2.2010627,2.2010627,2.2010627,1.6479099,1.6479099,1.6479099,1.6479099,2.0860121,2.0860121,2.0860121,2.0860121,2.7376606,2.7376606,2.7376606,2.7376606,3.0,3.0,3.0,3.0,2.3381417,2.3381417,2.3381417,2.3381417,2.3595092,2.3595092,2.3595092,2.3595092,2.9974985,2.9974985,2.9974985,2.9974985,2.5012386,2.5012386,2.5012386,2.5012386,2.8089828,2.8089828,2.8089828,2.8089828,2.2458806,2.2458806,2.2458806,2.2458806,1.7984827,1.7984827,1.7984827,1.7984827,1.8229005,1.8229005,1.8229005,1.8229005,2.288588,2.288588,2.288588,2.288588,2.2348526,2.2348526,2.2348526,2.2348526,1.710736,1.710736,1.710736,1.710736,1.9253391,1.9253391,1.9253391,1.9253391,1.9220883,1.9220883,1.9220883,1.9220883,1.7107272,1.7107272,1.7107272,1.7107272
1.3999354,1.3999354,1.3999354,1.3999354,1.5627807,1.5627807,1.5627807,1.5627807,1.5092536,1.5092536,1.5092536,1.5092536,1.8039496,1.8039496,1.8039496,1.8039496,2.242424,2.242424,2.242424,2.242424,2.183206,2.183206,2.183206,2.183206,2.2845418,2.2845418,2.2845418,2.2845418,2.129421,2.129421,2.129421,2.129421,1.9649377,1.9649377,1.9649377,1.9649377,2.3834016,2.3834016,2.3834016,2.3834016,2.1927922,2.1927922,2.1927922,2.1927922,2.2010627,2.2010627,2.2010627,2.2010627,1.6479099,1.6479099,1.6479099,1.6479099,2.0860121,2.0860121,2.0860121,2.0860121,2.7376606,2.7376606,2.7376606,2.7376606,3.0,3.0,3.0,3.0,2.3381417,2.3381417,2.3381417,2.3381417,2.3595092,2.3595092,2.3595092,2.3595092,2.9974985,2.9974985,2.9974985,2.9974985,2.5012386,2.5012386,2.5012386,2.5012386,2.8089828,2.8089828,2.8089828,2.8089828,2.2458806,2.2458806,2.2458806,2.2458806,1.7984827,1.7984827,1.7984827,1.7984827,1.8229005,1.8229005,1.8229005,1.8229005,2.288588,2.288588,2.288588,2.288588,2.2348526,2.2348526,2.2348526,2.2348526,1.710736,1.710736,1.710736,1.710736,1.9253391,1.9253391,1.9253391,1.9253391,1.9220883,1.9220883,1.9220883,1.9220883,1.7107272,1.7107272,1.7107272,1.7107272
1.3999354,1.3999354,1.3999354,1.3999354,1.5627807,1.5627807,1.5627807,1.5627807,1.5092536,1.5092536,1.5092536,1.5092536,1.8039496,1.8039496,1.8039496,1.8039496,2.242424,2.242424,2.242424,2.242424,2.183206,2.183206,2.183206,2.183206,2.2845418,2.2845418,2.2845418,2.2845418,2.129421,2.129421,2.129421,2.129421,1.9649377,1.9649377,1.9649377,1.9649377,2.3834016,2.3834016,2.3834016,2.3834016,2.1927922,2.1927922,2.1927922,2.1927922,2.2010627,2.2010627,2.2010627,2.2010627,1.6479099,1.6479099,1.6479099,1.6479099,2.0860121,2.0860121,2.0860121,2.0860121,2.7376606,2.7376606,2.7376606,2.7376606,3.0,3.0,3.0,3.0,2.3381417,2.3381417,2.3381417,2.3381417,2.3595092,2.3595092,2.3595092,2.3595092,2.9974985,2.9974985,2.9974985,2.9974985,2.5012386,2.5012386,2.5012386,2.5012386,2.8089828,2.8089828,2.8089828,2.8089828,2.2458806,2.2458806,2.2458806,2.2458806,1.7984827,1.7984827,1.7984827,1.7984827,1.8229005,1.8229005,1.8229005,1.8229005,2.288588,2.288588,2.288588,2.288588,2.2348526,2.2348526,2.2348526,2.2348526,1.710736,1.710736,1.710736,1.710736,1.9253391,1.9253391,1.9253391,1.9253391,1.9220883,1.9220883,1.9220883,1.9220883,1.7107272,1.7107272,1.7107272,1.7107272
1.3999354,1.3999354,1.3999354,1.3999354,1.5627807,1.5627807,1.5627807,1.5627807,1.5092536,1.5092536,1.5092536,1.5092536,1.8039496,1.8039496,1.8039496,1.8039496,2.242424,2.242424,2.242424,2.242424,2.183206,2.183206,2.183206,2.183206,2.2845418,2.2845418,2.2845418,2.2845418,2.129421,2.129421,2.129421,2.129421,1.9649377,1.9649377,1.9649377,1.9649377,2.3834016,2.3834016,2.3834016,2.3834016,2.1927922,2.1927922,2.1927922,2.1927922,2.2010627,2.2010627,2.2010627,2.2010627,1.6479099,1.6479099,1.6479099,1.6479099,2.0860121,2.0860121,2.0860121,2.0860121,2.7376606,2.7376606,2.7376606,2.7376606,3.0,3.0,3.0,3.0,2.3381417,2.3381417,2.3381417,2.3381417,2.3595092,2.3595092,2.3595092,2.3595092,2.9974985,2.9974985,2.9974985,2.9974985,2.5012386,2.5012386,2.5012386,2.5012386,2.8089828,2.8089828,2.8089828,2.8089828,2.2458806,2.2458806,2.2458806,2.2458806,1.7984827,1.7984827,1.7984827,1.7984827,1.8229005,1.8229005,1.8229005,1.8229005,2.288588,2.288588,2.288588,2.288588,2.2348526,2.2348526,2.2348526,2.2348526,1.710736,1.710736,1.710736,1.710736,1.9253391,1.9253391,1.9253391,1.9253391,1.9220883,1.9220883,1.9220883,1.9220883,1.7107272,1.7107272,1.7107272,1.7107272
1.8035549,1.8035549,1.8035549,1.8035549,1.8689843,1.8689843,1.8689843,1.8689843,1.8204769,1.8204769,1.8204769,1.8204769,1.7765173,1.7765173,1.7765173,1.7765173,2.134099,2.134099,2.134099,2.134099,2.0748072,2.0748072,2.0748072,2.0748072,1.7935035,1.7935035,1.7935035,1.7935035,1.7317083,1.7317083,1.7317083,1.7317083,1.5746955,1.5746955,1.5746955,1.5746955,1.5890367,1.5890367,1.5890367,1.5890367,1.5332321,1.5332321,1.5332321,1.5332321,2.3012087,2.3012087,2.3012087,2.3012087,2.0349166,2.0349166,2.0349166,2.0349166,2.6342845,2.6342845,2.6342845,2.6342845,2.6569793,2.6569793,2.6569793,2.6569793,2.7352898,2.7352898,2.7352898,2.7352898,2.0778549,2.0778549,2.0778549,2.0778549,2.001008,2.001008,2.001008,2.001008,2.2528145,2.2528145,2.2528145,2.2528145,2.598846,2.598846,2.598846,2.598846,1.8299139,1.8299139,1.8299139,1.8299139,2.0276551,2.0276551,2.0276551,2.0276551,1.833794,1.833794,1.833794,1.833794,2.2299519,2.2299519,2.2299519,2.2299519,1.6613479,1.6613479,1.6613479,1.6613479,2.1341174,2.1341174,2.1341174,2.1341174,1.9948783,1.9948783,1.9948783,1.9948783,1.5656412,1.5656412,1.5656412,1.5656412,1.8345487,1.8345487,1.8345487,1.8345487,1.6034926,1.6034926,1.6034926,1.6034926
1.8035549,1.8035549,1.8035549,1.8035549,1.8689843,1.8689843,1.8689843,1.8689843,1.8204769,1.8204769,1.8204769,1.8204769,1.7765173,1.7765173,1.7765173,1.7765173,2.134099,2.134099,2.134099,2.134099,2.0748072,2.0748072,2.0748072,2.0748072,1.7935035,1.7935035,1.7935035,1.7935035,1.7317083,1.7317083,1.7317083,1.7317083,1.5746955,1.5746955,1.5746955,1.5746955,1.5890367,1.5890367,1.5890367,1.5890367,1.5332321,1.5332321,1.5332321,1.5332321,2.3012087,2.3012087,2.3012087,2.3012087,2.0349166,2.0349166,2.0349166,2.0349166,2.6342845,2.6342845,2.6342845,2.6342845,2.6569793,2.6569793,2.6569793,2.6569793,2.7352898,2.7352898,2.7352898,2.7352898,2.0778549,2.0778549,2.0778549,2.0778549,2.001008,2.001008,2.001008,2.001008,2.2528145,2.2528145,2.2528145,2.2528145,2.598846,2.598846,2.598846,2.598846,1.8299139,1.8299139,1.8299139,1.8299139,2.0276551,2.0276551,2.0276551,2.0276551,1.833794,1.833794,1.833794,1.833794,2.2299519,2.2299519,2.2299519,2.2299519,1.6613479,1.6613479,1.6613479,1.6613479,2.1341174,2.1341174,2.1341174,2.1341174,1.9948783,1.9948783,1.9948783,1.9948783,1.5656412,1.5656412,1.5656412,1.5656412,1.8345487,1.8345487,1.8345487,1.8345487,1.6034926,1.6034926,1.6034926,1.6034926
1.8035549,1.8035549,1.8035549,1.8035549,1.8689843,1.8689843,1.8689843,1.8689843,1.8204769,1.8204769,1.8204769,1.8204769,1.7765173,1.7765173,1.7765173,1.7765173,2.134099,2.134099,2.134099,2.134099,2.0748072,2.0748072,2.0748072,2.0748072,1.7935035,1.7935035,1.7935035,1.7935035,1.7317083,1.7317083,1.7317083,1.7317083,1.5746955,1.5746955,1.5746955,1.5746955,1.5890367,1.5890367,1.5890367,1.5890367,1.5332321,1.5332321,1.5332321,1.5332321,2.3012087,2.3012087,2.3012087,2.3012087,2.0349166,2.0349166,2.0349166,2.0349166,2.6342845,2.6342845,2.6342845,2.6342845,2.6569793,2.6569793,2.6569793,2.6569793,2.7352898,2.7352898,2.7352898,2.7352898,2.0778549,2.0778549,2.0778549,2.0778549,2.001008,2.001008,2.001008,2.001008,2.2528145,2.2528145,2.2528145,2.2528145,2.598846,2.598846,2.598846,2.598846,1.8299139,1.8299139,1.8299139,1.8299139,2.0276551,2.0276551,2.0276551,2.0276551,1.833794,1.833794,1.833794,1.833794,2.2299519,2.2299519,2.2299519,2.2299519,1.6613479,1.6613479,1.6613479,1.6613479,2.1341174,2.1341174,2.1341174,2.1341174,1.9948783,1.9948783,1.9948783,1.9948783,1.5656412,1.5656412,1.5656412,1.5656412,1.8345487,1.8345487,1.8345487,1.8345487,1.6034926,1.6034926,1.6034926,1.6034926
1.8035549,1.8035549,1.8035549,1.8035549,1.8689843,1.8689843,1.8689843,1.8689843,1.8204769,1.8204769,1.8204769,1.8204769,1.7765173,1.7765173,1.7765173,1.7765173,2.134099,2.134099,2.134099,2.134099,2.0748072,2.0748072,2.0748072,2.0748072,1.7935035,1.7935035,1.7935035,1.7935035,1.7317083,1.7317083,1.7317083,1.7317083,1.5746955,1.5746955,1.5746955,1.5746955,1.5890367,1.5890367,1.5890367,1.5890367,1.5332321,1.5332321,1.5332321,1.5332321,2.3012087,2.3012087,2.3012087,2.3012087,2.0349166,2.0349166,2.0349166,2.0349166,2.6342845,2.6342845,2.6342845,2.6342845,2.6569793,2.6569793,2.6569793,2.6569793,2.7352898,2.7352898,2.7352898,2.7352898,2.0778549,2.0778549,2.0778549,2.0778549,2.001008,2.001008,2.001008,2.001008,2.2528145,2.2528145,2.2528145,2.2528145,2.598846,2.598846,2.598846,2.598846,1.8299139,1.8299139,1.8299139,1.8299139,2.0276551,2.0276551,2.0276551,2.0276551,1.833794,1.833794,1.833794,1.833794,2.2299519,2.2299519,2.2299519,2.2299519,1.6613479,1.6613479,1.6613479,1.6613479,2.1341174,2.1341174,2.1341174,2.1341174,1.9948783,1.9948783,1.9948783,1.9948783,1.5656412,1.5656412,1.5656412,1.5656412,1.8345487,1.8345487,1.8345487,1.8345487,1.6034926,1.6034926,1.6034926,1.6034926
1.6869923,1.6869923,1.6869923,1.6869923,1.8667068,1.8667068,1.8667068,1.8667068,1.7674013,1.7674013,1.7674013,1.7674013,1.9152769,1.9152769,1.9152769,1.9152769,1.9612882,1.9612882,1.9612882,1.9612882,1.64103,1.64103,1.64103,1.64103,2.0346742,2.0346742,2.0346742,2.0346742,2.1027298,2.1027298,2.1027298,2.1027298,2.063771,2.063771,2.063771,2.063771,1.6538603,1.6538603,1.6538603,1.6538603,1.606072,1.606072,1.606072,1.606072,2.4851713,2.4851713,2.4851713,2.4851713,2.0000265,2.0000265,2.0000265,2.0000265,2.2148917,2.2148917,2.2148917,2.2148917,1.8149712,1.8149712,1.8149712,1.8149712,1.7085879,1.7085879,1.7085879,1.7085879,2.2907674,2.2907674,2.2907674,2.2907674,1.9202917,1.9202917,1.9202917,1.9202917,2.9949083,2.9949083,2.9949083,2.9949083,3.0,3.0,3.0,3.0,2.659641,2.659641,2.659641,2.659641,1.7190539,1.7190539,1.7190539,1.7190539,0.9840024,0.9840024,0.9840024,0.9840024,1.29523,1.29523,1.29523,1.29523,1.7948117,1.7948117,1.7948117,1.7948117,1.6104678,1.6104678,1.6104678,1.6104678,1.4557836,1.4557836,1.4557836,1.4557836,1.5313908,1.5313908,1.5313908,1.5313908,1.6706591,1.6706591,1.6706591,1.6706591,1.7151009,1.7151009,1.7151009,1.7151009
1.6869923,1.6869923,1.6869923,1.6869923,1.8667068,1.8667068,1.8667068,1.8667068,1.7674013,1.7674013,1.7674013,1.7674013,1.9152769,1.9152769,1.9152769,1.9152769,1.9612882,1.9612882,1.9612882,1.9612882,1.64103,1.64103,1.64103,1.64103,2.0346742,2.0346742,2.0346742,2.0346742,2.1027298,2.1027298,2.1027298,2.1027298,2.063771,2.063771,2.063771,2.063771,1.6538603,1.6538603,1.6538603,1.6538603,1.606072,1.606072,1.606072,1.606072,2.4851713,2.4851713,2.4851713,2.4851713,2.0000265,2.0000265,2.0000265,2.0000265,2.2148917,2.2148917,2.2148917,2.2148917,1.8149712,1.8149712,1.8149712,1.8149712,1.7085879,1.7085879,1.7085879,1.7085879,2.2907674,2.2907674,2.2907674,2.2907674,1.9202917,1.9202917,1.9202917,1.9202917,2.9949083,2.9949083,2.9949083,2.9949083,3.0,3.0,3.0,3.0,2.659641,2.659641,2.659641,2.659641,1.7190539,1.7190539,1.7190539,1.7190539,0.9840024,0.9840024,0.9840024,0.9840024,1.29523,1.29523,1.29523,1.29523,1.7948117,1.7948117,1.7948117,1.7948117,1.6104678,1.6104678,1.6104678,1.6104678,1.4557836,1.4557836,1.4557836,1.4557836,1.5313908,1.5313908,1.5313908,1.5313908,1.6706591,1.6706591,1.6706591,1.6706591,1.7151009,1.7151009,1.7151009,1.7151009
1.6869923,1.6869923,1.6869923,1.6869923,1.8667068,1.8667068,1.8667068,1.8667068,1.7674013,1.7674013,1.7674013,1.7674013,1.9152769,1.9152769,1.9152769,1.9152769,1.9612882,1.9612882,1.9612882,1.9612882,1.64103,1.64103,1.64103,1.64103,2.0346742,2.0346742,2.0346742,2.0346742,2.1027298,2.1027298,2.1027298,2.1027298,2.063771,2.063771,2.063771,2.063771,1.6538603,1.6538603,1.6538603,1.6538603,1.606072,1.606072,1.606072,1.606072,2.4851713,2.4851713,2.4851713,2.4851713,2.0000265,2.0000265,2.0000265,2.0000265,2.2148917,2.2148917,2.2148917,2.2148917,1.8149712,1.8149712,1.8149712,1.8149712,1.7085879,1.7085879,1.7085879,1.7085879,2.2907674,2.2907674,2.2907674,2.2907674,1.9202917,1.9202917,1.9202917,1.9202917,2.9949083,2.9949083,2.9949083,2.9949083,3.0,3.0,3.0,3.0,2.659641,2.659641,2.659641,2.659641,1.7190539,1.7190539,1.7190539,1.7190539,0.9840024,0.9840024,0.9840024,0.9840024,1.29523,1.29523,1.29523,1.29523,1.7948117,1.7948117,1.7948117,1.7948117,1.6104678,1.6104678,1.6104678,1.6104678,1.4557836,1.4557836,1.4557836,1.4557836,1.5313908,1.5313908,1.5313908,1.5313908,1.6706591,1.6706591,1.6706591,1.6706591,1.7151009,1.7151009,1.7151009,1.7151009
1.6869923,1.6869923,1.6869923,1.6869923,1.8667068,1.8667068,1.8667068,1.8667068,1.7674013,1.7674013,1.7674013,1.7674013,1.9152769,1.9152769,1.9152769,1.9152769,1.9612882,1.9612882,1.9612882,1.9612882,1.64103,1.64103,1.64103,1.64103,2.0346742,2.0346742,2.0346742,2.0346742,2.1027298,2.1027298,2.1027298,2.1027298,2.063771,2.063771,2.063771,2.063771,1.6538603,1.6538603,1.6538603,1.6538603,1.606072,1.606072,1.606072,1.606072,2.4851713,2.4851713,2.4851713,2.4851713,2.0000265,2.0000265,2.0000265,2.0000265,2.2148917,2.2148917,2.2148917,2.2148917,1.8149712,1.8149712,1.8149712,1.8149712,1.7085879,1.7085879,1.7085879,1.7085879,2.2907674,2.2907674,2.2907674,2.2907674,1.9202917,1.9202917,1.9202917,1.9202917,2.9949083,2.9949083,2.9949083,2.9949083,3.0,3.0,3.0,3.0,2.659641,2.659641,2.659641,2.659641,1.7190539,1.7190539,1.7190539,1.7190539,0.9840024,0.9840024,0.9840024,0.9840024,1.29523,1.29523,1.29523,1.29523,1.7948117,1.7948117,1.7948117,1.7948117,1.6104678,1.6104678,1.6104678,1.6104678,1.4557836,1.4557836,1.4557836,1.4557836,1.5313908,1.5313908,1.5313908,1.5313908,1.6706591,1.6706591,1.6706591,1.6706591,1.7151009,1.7151009,1.7151009,1.7151009
2.1001766,2.1001766,2.1001766,2.1001766,1.8557249,1.8557249,1.8557249,1.8557249,1.5315652,1.5315652,1.5315652,1.5315652,1.3360769,1.3360769,1.3360769,1.3360769,1.5341806,1.5341806,1.5341806,1.5341806,0.9777515,0.9777515,0.9777515,0.9777515,0.7804151,0.7804151,0.7804151,0.7804151,1.5569359,1.5569359,1.5569359,1.5569359,2.35272,2.35272,2.35272,2.35272,1.7843909,1.7843909,1.7843909,1.7843909,1.5650784,1.5650784,1.5650784,1.5650784,0.9897682,0.9897682,0.9897682,0.9897682,1.9965037,1.9965037,1.9965037,1.9965037,1.6331019,1.6331019,1.6331019,1.6331019,1.9233195,1.9233195,1.9233195,1.9233195,3.0,3.0,3.0,3.0,3.0,3.0,3.0,3.0,2.7839432,2.7839432,2.7839432,2.7839432,2.920522,2.920522,2.920522,2.920522,3.0,3.0,3.0,3.0,3.0,3.0,3.0,3.0,2.8271356,2.8271356,2.8271356,2.8271356,1.9252006,1.9252006,1.9252006,1.9252006,1.7646669,1.7646669,1.7646669,1.7646669,2.0848417,2.0848417,2.0848417,2.0848417,1.5220478,1.5220478,1.5220478,1.5220478,1.227893,1.227893,1.227893,1.227893,1.7867908,1.7867908,1.7867908,1.7867908,1.3560897,1.3560897,1.3560897,1.3560897,2.0669105,2.0669105,2.0669105,2.0669105
2.1001766,2.1001766,2.1001766,2.1001766,1.8557249,1.8557249,1.8557249,1.8557249,1.5315652,1.5315652,1.5315652,1.5315652,1.3360769,1.3360769,1.3360769,1.3360769,1.5341806,1.5341806,1.5341806,1.5341806,0.9777515,0.9777515,0.9777515,0.9777515,0.7804151,0.7804151,0.7804151,0.7804151,1.5569359,1.5569359,1.5569359,1.5569359,2.35272,2.35272,2.35272,2.35272,1.7843909,1.7843909,1.7843909,1.7843909,1.5650784,1.5650784,1.5650784,1.5650784,0.9897682,0.9897682,0.9897682,0.9897682,1.9965037,1.9965037,1.9965037,1.9965037,1.6331019,1.6331019,1.6331019,1.6331019,1.9233195,1.9233195,1.9233195,1.9233195,3.0,3.0,3.0,3.0,3.0,3.0,3.0,3.0,2.7839432,2.7839432,2.7839432,2.7839432,2.920522,2.920522,2.920522,2.920522,3.0,3.0,3.0,3.0,3.0,3.0,3.0,3.0,2.8271356,2.8271356,2.8271356,2.8271356,1.9252006,1.9252006,1.9252006,1.9252006,1.7646669,1.7646669,1.7646669,1.7646669,2.0848417,2.0848417,2.0848417,2.0848417,1.5220478,1.5220478,1.5220478,1.5220478,1.227893,1.227893,1.227893,1.227893,1.7867908,1.7867908,1.7867908,1.7867908,1.3560897,1.3560897,1.3560897,1.3560897,2.0669105,2.0669105,2.0669105,2.0669105
2.1001766,2.1001766,2.1001766,2.1001766,1.8557249,1.8557249,1.8557249,1.8557249,1.5315652,1.5315652,1.5315652,1.5315652,1.3360769,1.3360769,1.3360769,1.3360769,1.5341806,1.5341806,1.5341806,1.5341806,0.9777515,0.9777515,0.9777515,0.9777515,0.7804151,0.7804151,0.7804151,0.7804151,1.5569359,1.5569359,1.5569359,1.5569359,2.35272,2.35272,2.35272,2.35272,1.7843909,1.7843909,1.7843909,1.7843909,1.5650784,1.5650784,1.5650784,1.5650784,0.9897682,0.9897682,0.9897682,0.9897682,1.9965037,1.9965037,1.9965037,1.9965037,1.6331019,1.6331019,1.6331019,1.6331019,1.9233195,1.9233195,1.9233195,1.9233195,3.0,3.0,3.0,3.0,3.0,3.0,3.0,3.0,2.7839432,2.7839432,2.7839432,2.7839432,2.920522,2.920522,2.920522,2.920522,3.0,3.0,3.0,3.0,3.0,3.0,3.0,3.0,2.8271356,2.8271356,2.8271356,2.8271356,1.9252006,1.9252006,1.9252006,1.9252006,1.7646669,1.7646669,1.7646669,1.7646669,2.0848417,2.0848417,2.0848417,2.0848417,1.5220478,1.5220478,1.5220478,1.5220478,1.227893,1.227893,1.227893,1.227893,1.7867908,1.7867908,1.7867908,1.7867908,1.3560897,1.3560897,1.3560897,1.3560897,2.0669105,2.0669105,2.0669105,2.0669105
2.1001766,2.1001766,2.1001766,2.1001766,1.8557249,1.8557249,1.8557249,1.8557249,1.5315652,1.5315652,1.5315652,1.5315652,1.3360769,1.3360769,1.3360769,1.3360769,1.5341806,1.5341806,1.5341806,1.5341806,0.9777515,0.9777515,0.9777515,0.9777515,0.7804151,0.7804151,0.7804151,0.7804151,1.5569359,1.5569359,1.5569359,1.5569359,2.35272,2.35272,2.35272,2.35272,1.7843909,1.7843909,1.7843909,1.7843909,1.5650784,1.5650784,1.5650784,1.5650784,0.9897682,0.9897682,0.9897682,0.9897682,1.9965037,1.9965037,1.9965037,1.9965037,1.6331019,1.6331019,1.6331019,1.6331019,1.9233195,1.9233195,1.9233195,1.9233195,3.0,3.0,3.0,3.0,3.0,3.0,3.0,3.0,2.7839432,2.7839432,2.7839432,2.7839432,2.920522,2.920522,2.920522,2.920522,3.0,3.0,3.0,3.0,3.0,3.0,3.0,3.0,2.8271356,2.8271356,2.8271356,2.8271356,1.9252006,1.9252006,1.9252006,1.9252006,1.7646669,1.7646669,1.7646669,1.7646669,2.0848417,2.0848417,2.0848417,2.0848417,1.5220478,1.5220478,1.5220478,1.5220478,1.227893,1.227893,1.227893,1.227893,1.7867908,1.7867908,1.7867908,1.7867908,1.3560897,1.3560897,1.3560897,1.3560897,2.0669105,2.0669105,2.0669105,2.0669105
1.2186823,1.2186823,1.2186823,1.2186823,1.2020168,1.2020168,1.2020168,1.2020168,1.1731225,1.1731225,1.1731225,1.1731225,1.1623586,1.1623586,1.1623586,1.1623586,1.5697976,1.5697976,1.5697976,1.5697976,1.7698234,1.7698234,1.7698234,1.7698234,2.1065483,2.1065483,2.1065483,2.1065483,1.8666811,1.8666811,1.8666811,1.8666811,2.4049132,2.4049132,2.4049132,2.4049132,1.8688452,1.8688452,1.8688452,1.8688452,2.228776,2.228776,2.228776,2.228776,1.6237955,1.6237955,1.6237955,1.6237955,2.1661627,2.1661627,2.1661627,2.1661627,1.1404432,1.1404432,1.1404432,1.1404432,1.9217288,1.9217288,1.9217288,1.9217288,2.44149,2.44149,2.44149,2.44149,3.0,3.0,3.0,3.0,2.1728961,2.1728961,2.1728961,2.1728961,2.9969225,2.9969225,2.9969225,2.9969225,2.8980322,2.8980322,2.8980322,2.8980322,2.6820056,2.6820056,2.6820056,2.6820056,2.4359815,2.4359815,2.4359815,2.4359815,1.8841128,1.8841128,1.8841128,1.8841128,1.5993971,1.5993971,1.5993971,1.5993971,1.9308332,1.9308332,1.9308332,1.9308332,1.755749,1.755749,1.755749,1.755749,2.0051928,2.0051928,2.0051928,2.0051928,1.7834162,1.7834162,1.7834162,1.7834162,1.5944892,1.5944892,1.5944892,1.5944892,1.5126622,1.5126622,1.5126622,1.5126622
1.2186823,1.2186823,1.2186823,1.2186823,1.2020168,1.2020168,1.2020168,1.2020168,1.1731225,1.1731225,1.1731225,1.1731225,1.1623586,1.1623586,1.1623586,1.1623586,1.5697976,1.5697976,1.5697976,1.5697976,1.7698234,1.7698234,1.7698234,1.7698234,2.1065483,2.1065483,2.1065483,2.1065483,1.8666811,1.8666811,1.8666811,1.8666811,2.4049132,2.4049132,2.4049132,2.4049132,1.8688452,1.8688452,1.8688452,1.8688452,2.228776,2.228776,2.228776,2.228776,1.6237955,1.6237955,1.6237955,1.6237955,2.1661627,2.1661627,2.1661627,2.1661627,1.1404432,1.1404432,1.1404432,1.1404432,1.9217288,1.9217288,1.9217288,1.9217288,2.44149,2.44149,2.44149,2.44149,3.0,3.0,3.0,3.0,2.1728961,2.1728961,2.1728961,2.1728961,2.9969225,2.9969225,2.9969225,2.9969225,2.8980322,2.8980322,2.8980322,2.8980322,2.6820056,2.6820056,2.6820056,2.6820056,2.4359815,2.4359815,2.4359815,2.4359815,1.8841128,1.8841128,1.8841128,1.8841128,1.5993971,1.5993971,1.5993971,1.5993971,1.9308332,1.9308332,1.9308332,1.9308332,1.755749,1.755749,1.755749,1.755749,2.0051928,2.0051928,2.0051928,2.0051928,1.7834162,1.7834162,1.7834162,1.7834162,1.5944892,1.5944892,1.5944892,1.5944892,1.5126622,1.5126622,1.5126622,1.5126622
1.2186823,1.2186823,1.2186823,1.2186823,1.2020168,1.2020168,1.2020168,1.2020168,1.1731225,1.1731225,1.1731225,1.1731225,1.1623586,1.1623586,1.1623586,1.1623586,1.5697976,1.5697976,1.5697976,1.5697976,1.7698234,1.7698234,1.7698234,1.7698234,2.1065483,2.1065483,2.1065483,2.1065483,1.8666811,1.8666811,1.8666811,1.8666811,2.4049132,2.4049132,2.4049132,2.4049132,1.8688452,1.8688452,1.8688452,1.8688452,2.228776,2.228776,2.228776,2.228776,1.6237955,1.6237955,1.6237955,1.6237955,2.1661627,2.1661627,2.1661627,2.1661627,1.1404432,1.1404432,1.1404432,1.1404432,1.9217288,1.9217288,1.9217288,1.9217288,2.44149,2.44149,2.44149,2.44149,3.0,3.0,3.0,3.0,2.1728961,2.1728961,2.1728961,2.1728961,2.9969225,2.9969225,2.9969225,2.9969225,2.8980322,2.8980322,2.8980322,2.8980322,2.6820056,2.6820056,2.6820056,2.6820056,2.4359815,2.4359815,2.4359815,2.4359815,1.8841128,1.8841128,1.8841128,1.8841128,1.5993971,1.5993971,1.5993971,1.5993971,1.9308332,1.9308332,1.9308332,1.9308332,1.755749,1.755749,1.755749,1.755749,2.0051928,2.0051928,2.0051928,2.0051928,1.7834162,1.7834162,1.7834162,1.7834162,1.5944892,1.5944892,1.5944892,1.5944892,1.5126622,1.5126622,1.5126622,1.5126622
1.2186823,1.2186823,1.2186823,1.2186823,1.2020168,1.2020168,1.2020168,1.2020168,1.1731225,1.1731225,1.1731225,1.1731225,1.1623586,1.1623586,1.1623586,1.1623586,1.5697976,1.5697976,1.5697976,1.5697976,1.7698234,1.7698234,1.7698234,1.7698234,2.1065483,2.1065483,2.1065483,2.1065483,1.8666811,1.8666811,1.8666811,1.8666811,2.4049132,2.4049132,2.4049132,2.4049132,1.8688452,1.8688452,1.8688452,1.8688452,2.228776,2.228776,2.228776,2.228776,1.6237955,1.6237955,1.6237955,1.6237955,2.1661627,2.1661627,2.1661627,2.1661627,1.1404432,1.1404432,1.1404432,1.1404432,1.9217288,1.9217288,1.9217288,1.9217288,2.44149,2.44149,2.44149,2.44149,3.0,3.0,3.0,3.0,2.1728961,2.1728961,2.1728961,2.1728961,2.9969225,2.9969225,2.9969225,2.9969225,2.8980322,2.8980322,2.8980322,2.8980322,2.6820056,2.6820056,2.6820056,2.6820056,2.4359815,2.4359815,2.4359815,2.4359815,1.8841128,1.8841128,1.8841128,1.8841128,1.5993971,1.5993971,1.5993971,1.5993971,1.9308332,1.9308332,1.9308332,1.9308332,1.755749,1.755749,1.755749,1.755749,2.0051928,2.0051928,2.0051928,2.0051928,1.7834162,1.7834162,1.7834162,1.7834162,1.5944892,1.5944892,1.5944892,1.5944892,1.5126622,1.5126622,1.5126622,1.5126622
0.6,0.6,0.6,0.6,0.6,0.6,0.6,0.6,0.6,0.6,0.6,0.6,0.6106604,0.6106604,0.6106604,0.6106604,1.1241169,1.1241169,1.1241169,1.1241169,1.0944829,1.0944829,1.0944829,1.0944829,0.9157492,0.9157492,0.9157492,0.9157492,0.87436754,0.87436754,0.87436754,0.87436754,2.6168146,2.6168146,2.6168146,2.6168146,3.0,3.0,3.0,3.0,3.0,3.0,3.0,3.0,2.1366599,2.1366599,2.1366599,2.1366599,2.5325248,2.5325248,2.5325248,2.5325248,1.9797307,1.9797307,1.9797307,1.9797307,2.0363064,2.0363064,2.0363064,2.0363064,1.4059247,1.4059247,1.4059247,1.4059247,1.3388479,1.3388479,1.3388479,1.3388479,1.4472034,1.4472034,1.4472034,1.4472034,2.3100774,2.3100774,2.3100774,2.3100774,2.634523,2.634523,2.634523,2.634523,2.396664,2.396664,2.396664,2.396664,2.0446684,2.0446684,2.0446684,2.0446684,1.893531,1.893531,1.893531,1.893531,1.577604,1.577604,1.577604,1.577604,1.7156392,1.7156392,1.7156392,1.7156392,1.5598006,1.5598006,1.5598006,1.5598006,1.5482231,1.5482231,1.5482231,1.5482231,1.5171402,1.5171402,1.5171402,1.5171402,1.7292063,1.7292063,1.7292063,1.7292063,1.664549,1.664549,1.664549,1.664549
0.6,0.6,0.6,0.6,0.6,0.6,0.6,0.6,0.6,0.6,0.6,0.6,0.6106604,0.6106604,0.6106604,0.6106604,1.1241169,1.1241169,1.1241169,1.1241169,1.0944829,1.0944829,1.0944829,1.0944829,0.9157492,0.9157492,0.9157492,0.9157492,0.87436754,0.87436754,0.87436754,0.87436754,2.6168146,2.6168146,2.6168146,2.6168146,3.0,3.0,3.0,3.0,3.0,3.0,3.0,3.0,2.1366599,2.1366599,2.1366599,2.1366599,2.5325248,2.5325248,2.5325248,2.5325248,1.9797307,1.9797307,1.9797307,1.9797307,2.0363064,2.0363064,2.0363064,2.0363064,1.4059247,1.4059247,1.4059247,1.4059247,1.3388479,1.3388479,1.3388479,1.3388479,1.4472034,1.4472034,1.4472034,1.4472034,2.3100774,2.3100774,2.3100774,2.3100774,2.634523,2.634523,2.634523,2.634523,2.396664,2.396664,2.396664,2.396664,2.0446684,2.0446684,2.0446684,2.0446684,1.893531,1.893531,1.893531,1.893531,1.577604,1.577604,1.577604,1.577604,1.7156392,1.7156392,1.7156392,1.7156392,1.5598006,1.5598006,1.5598006,1.5598006,1.5482231,1.5482231,1.5482231,1.5482231,1.5171402,1.5171402,1.5171402,1.5171402,1.7292063,1.7292063,1.7292063,1.7292063,1.664549,1.664549,1.664549,1.664549
0.6,0.6,0.6,0.6,0.6,0.6,0.6,0.6,0.6,0.6,0.6,0.6,0.6106604,0.6106604,0.6106604,0.6106604,1.1241169,1.1241169,1.1241169,1.1241169,1.0944829,1.0944829,1.0944829,1.0944829,0.9157492,0.9157492,0.9157492,0.9157492,0.87436754,0.87436754,0.87436754,0.87436754,2.6168146,2.6168146,2.6168146,2.6168146,3.0,3.0,3.0,3.0,3.0,3.0,3.0,3.0,2.1366599,2.1366599,2.1366599,2.1366599,2.5325248,2.5325248,2.5325248,2.5325248,1.9797307,1.9797307,1.9797307,1.9797307,2.0363064,2.0363064,2.0363064,2.0363064,1.4059247,1.4059247,1.4059247,1.4059247,1.3388479,1.3388479,1.3388479,1.3388479,1.4472034,1.4472034,1.4472034,1.4472034,2.3100774,2.3100774,2.3100774,2.3100774,2.634523,2.634523,2.634523,2.634523,2.396664,2.396664,2.396664,2.396664,2.0446684,2.0446684,2.0446684,2.0446684,1.893531,1.893531,1.893531,1.893531,1.577604,1.577604,1.577604,1.577604,1.7156392,1.7156392,1.7156392,1.7156392,1.5598006,1.5598006,1.5598006,1.5598006,1.5482231,1.5482231,1.5482231,1.5482231,1.5171402,1.5171402,1.5171402,1.5171402,1.7292063,1.7292063,1.7292063,1.7292063,1.664549,1.664549,1.664549,1.664549
0.6,0.6,0.6,0.6,0.6,0.6,0.6,0.6,0.6,0.6,0.6,0.6,0.6106604,0.6106604,0.6106604,0.6106604,1.1241169,1.1241169,1.1241169,1.1241169,1.0944829,1.0944829,1.0944829,1.0944829,0.9157492,0.9157492,0.9157492,0.9157492,0.87436754,0.87436754,0.87436754,0.87436754,2.6168146,2.6168146,2.6168146,2.6168146,3.0,3.0,3.0,3.0,3.0,3.0,3.0,3.0,2.1366599,2.1366599,2.1366599,2.1366599,2.5325248,2.5325248,2.5325248,2.5325248,1.9797307,1.9797307,1.9797307,1.9797307,2.0363064,2.0363064,2.0363064,2.0363064,1.4059247,1.4059247,1.4059247,1.4059247,1.3388479,1.3388479,1.3388479,1.3388479,1.4472034,1.4472034,1.4472034,1.4472034,2.3100774,2.3100774,2.3100774,2.3100774,2.634523,2.634523,2.634523,2.634523,2.396664,2.396664,2.396664,2.396664,2.0446684,2.0446684,2.0446684,2.0446684,1.893531,1.893531,1.893531,1.893531,1.577604,1.577604,1.577604,1.577604,1.7156392,1.7156392,1.7156392,1.7156392,1.5598006,1.5598006,1.5598006,1.5598006,1.5482231,1.5482231,1.5482231,1.5482231,1.5171402,1.5171402,1.5171402,1.5171402,1.7292063,1.7292063,1.7292063,1.7292063,1.664549,1.664549,1.664549,1.664549
0.6,0.6,0.6,0.6,1.1209561,1.1209561,1.1209561,1.1209561,1.1595178,1.1595178,1.1595178,1.1595178,1.3140817,1.3140817,1.3140817,1.3140817,0.9632908,0.9632908,0.9632908,0.9632908,0.7180423,0.7180423,0.7180423,0.7180423,1.0393102,1.0393102,1.0393102,1.0393102,0.90624434,0.90624434,0.90624434,0.90624434,1.7713481,1.7713481,1.7713481,1.7713481,2.1553893,2.1553893,2.1553893,2.1553893,1.6988877,1.6988877,1.6988877,1.6988877,1.6356527,1.6356527,1.6356527,1.6356527,1.59498,1.59498,1.59498,1.59498,0.9531391,0.9531391,0.9531391,0.9531391,1.8455637,1.8455637,1.8455637,1.8455637,1.2622323,1.2622323,1.2622323,1.2622323,2.393765,2.393765,2.393765,2.393765,1.332912,1.332912,1.332912,1.332912,1.4213196,1.4213196,1.4213196,1.4213196,1.5645187,1.5645187,1.5645187,1.5645187,2.2192802,2.2192802,2.2192802,2.2192802,1.4324166,1.4324166,1.4324166,1.4324166,1.6127195,1.6127195,1.6127195,1.6127195,1.9262701,1.9262701,1.9262701,1.9262701,2.0042176,2.0042176,2.0042176,2.0042176,1.8407665,1.8407665,1.8407665,1.8407665,1.7646772,1.7646772,1.7646772,1.7646772,1.3124924,1.3124924,1.3124924,1.3124924,1.2672802,1.2672802,1.2672802,1.2672802,1.4451306,1.4451306,1.4451306,1.4451306
0.6,0.6,0.6,0.6,1.1209561,1.1209561,1.1209561,1.1209561,1.1595178,1.1595178,1.1595178,1.1595178,1.3140817,1.3140817,1.3140817,1.3140817,0.9632908,0.9632908,0.9632908,0.9632908,0.7180423,0.7180423,0.7180423,0.7180423,1.0393102,1.0393102,1.0393102,1.0393102,0.90624434,0.90624434,0.90624434,0.90624434,1.7713481,1.7713481,1.7713481,1.7713481,2.1553893,2.1553893,2.1553893,2.1553893,1.6988877,1.6988877,1.6988877,1.6988877,1.6356527,1.6356527,1.6356527,1.6356527,1.59498,1.59498,1.59498,1.59498,0.9531391,0.9531391,0.9531391,0.9531391,1.8455637,1.8455637,1.8455637,1.8455637,1.2622323,1.2622323,1.2622323,1.2622323,2.393765,2.393765,2.393765,2.393765,1.332912,1.332912,1.332912,1.332912,1.4213196,1.4213196,1.4213196,1.4213196,1.5645187,1.5645187,1.5645187,1.5645187,2.2192802,2.2192802,2.2192802,2.2192802,1.4324166,1.4324166,1.4324166,1.4324166,1.6127195,1.6127195,1.6127195,1.6127195,1.9262701,1.9262701,1.9262701,1.9262701,2.0042176,2.0042176,2.0042176,2.0042176,1.8407665,1.8407665,1.8407665,1.8407665,1.7646772,1.7646772,1.7646772,1.7646772,1.3124924,1.3124924,1.3124924,1.3124924,1.2672802,1.2672802,1.2672802,1.2672802,1.4451306,1.4451306,1.4451306,1.4451306
0.6,0.6,0.6,0.6,1.1209561,1.1209561,1.1209561,1.1209561,1.1595178,1.1595178,1.1595178,1.1595178,1.3140817,1.3140817,1.3140817,1.3140817,0.9632908,0.9632908,0.9632908,0.9632908,0.7180423,0.7180423,0.7180423,0.7180423,1.0393102,1.0393102,1.0393102,1.0393102,0.90624434,0.90624434,0.90624434,0.90624434,1.7713481,1.7713481,1.7713481,1.7713481,2.1553893,2.1553893,2.1553893,2.1553893,1.6988877,1.6988877,1.6988877,1.6988877,1.6356527,1.6356527,1.6356527,1.6356527,1.59498,1.59498,1.59498,1.59498,0.9531391,0.9531391,0.9531391,0.9531391,1.8455637,1.8455637,1.8455637,1.8455637,1.2622323,1.2622323,1.2622323,1.2622323,2.393765,2.393765,2.393765,2.393765,1.332912,1.332912,1.332912,1.332912,1.4213196,1.4213196,1.4213196,1.4213196,1.5645187,1.5645187,1.5645187,1.5645187,2.2192802,2.2192802,2.2192802,2.2192802,1.4324166,1.4324166,1.4324166,1.4324166,1.6127195,1.6127195,1.6127195,1.6127195,1.9262701,1.9262701,1.9262701,1.9262701,2.0042176,2.0042176,2.0042176,2.0042176,1.8407665,1.8407665,1.8407665,1.8407665,1.7646772,1.7646772,1.7646772,1.7646772,1.3124924,1.3124924,1.3124924,1.3124924,1.2672802,1.2672802,1.2672802,1.2672802,1.4451306,1.4451306,1.4451306,1.4451306
0.6,0.6,0.6,0.6,1.1209561,1.1209561,1.1209561,1.1209561,1.1595178,1.1595178,1.1595178,1.1595178,1.3140817,1.3140817,1.3140817,1.3140817,0.9632908,0.9632908,0.9632908,0.9632908,0.7180423,0.7180423,0.7180423,0.7180423,1.0393102,1.0393102,1.0393102,1.0393102,0.90624434,0.90624434,0.90624434,0.90624434,1.7713481,1.7713481,1.7713481,1.7713481,2.1553893,2.1553893,2.1553893,2.1553893,1.6988877,1.6988877,1.6988877,1.6988877,1.6356527,1.6356527,1.6356527,1.6356527,1.59498,1.59498,1.59498,1.59498,0.9531391,0.9531391,0.9531391,0.9531391,1.8455637,1.8455637,1.8455637,1.8455637,1.2622323,1.2622323,1.2622323,1.2622323,2.393765,2.393765,2.393765,2.393765,1.332912,1.332912,1.332912,1.332912,1.4213196,1.4213196,1.4213196,1.4213196,1.5645187,1.5645187,1.5645187,1.5645187,2.2192802,2.2192802,2.2192802,2.2192802,1.4324166,1.4324166,1.4324166,1.4324166,1.6127195,1.6127195,1.6127195,1.6127195,1.9262701,1.9262701,1.9262701,1.9262701,2.0042176,2.0042176,2.0042176,2.0042176,1.8407665,1.8407665,1.8407665,1.8407665,1.7646772,1.7646772,1.7646772,1.7646772,1.3124924,1.3124924,1.3124924,1.3124924,1.2672802,1.2672802,1.2672802,1.2672802,1.4451306,1.4451306,1.4451306,1.4451306
