0.6,0.6,0.6,0.6,0.6,0.6,0.6,0.6,0.6,0.6,0.6,0.6,0.6,0.6,0.6,0.6,0.6,0.6,0.6,0.6,0.6,0.6,0.6,0.6,0.6,0.6,0.6,0.6,0.6,0.6,0.6,0.6,0.6,0.6,0.6,0.6,0.6,0.6,0.6,0.6,0.6,0.6,0.6,0.6,0.6,0.6,0.6,0.6,0.6,0.6,0.6,0.6,0.6,0.6,0.6,0.6,0.6,0.6,0.6,0.6,0.6,0.6,0.6,0.6,0.6,0.6,0.6,0.6,0.6,0.6,0.6,0.6,0.6,0.6,0.6,0.6,0.6,0.6,0.6,0.6,0.6,0.6,0.6,0.6,0.6,0.6,0.6,0.6,0.6,0.6,0.6,0.6,0.6,0.6,0.6,0.6,0.6,0.6,0.6,0.6,0.6,0.6,0.6,0.6,0.6,0.6,0.6,0.6,0.6,0.6,0.6,0.6,0.6,0.6,0.6,0.6,0.6,0.6,0.6,0.6
0.6,0.6,0.6,0.6,0.6,0.6,0.6,0.6,0.6,0.6,0.6,0.6,0.6,0.6,0.6,0.6,0.6,0.6,0.6,0.6,0.6,0.6,0.6,0.6,0.6,0.6,0.6,0.6,0.6,0.6,0.6,0.6,0.6,0.6,0.6,0.6,0.6,0.6,0.6,0.6,0.6,0.6,0.6,0.6,0.6,0.6,0.6,0.6,0.6,0.6,0.6,0.6,0.6,0.6,0.6,0.6,0.6,0.6,0.6,0.6,0.6,0.6,0.6,0.6,0.6,0.6,0.6,0.6,0.6,0.6,0.6,0.6,0.6,0.6,0.6,0.6,0.6,0.6,0.6,0.6,0.6,0.6,0.6,0.6,0.6,0.6,0.6,0.6,0.6,0.6,0.6,0.6,0.6,0.6,0.6,0.6,0.6,0.6,0.6,0.6,0.6,0.6,0.6,0.6,0.6,0.6,0.6,0.6,0.6,0.6,0.6,0.6,0.6,0.6,0.6,0.6,0.6,0.6,0.6,0.6
0.6,0.6,0.6,0.6,0.6,0.6,0.6,0.6,0.6,0.6,0.6,0.6,0.6,0.6,0.6,0.6,0.6,0.6,0.6,0.6,0.6,0.6,0.6,0.6,0.6,0.6,0.6,0.6,0.6,0.6,0.6,0.6,0.6,0.6,0.6,0.6,0.6,0.6,0.6,0.6,0.6,0.6,0.6,0.6,0.6,0.6,0.6,0.6,0.6,0.6,0.6,0.6,0.6,0.6,0.6,0.6,0.6,0.6,0.6,0.6,0.6,0.6,0.6,0.6,0.6,0.6,0.6,0.6,0.6,0.6,0.6,0.6,0.6,0.6,0.6,0.6,0.6,0.6,0.6,0.6,0.6,0.6,0.6,0.6,0.6,0.6,0.6,0.6,0.6,0.6,0.6,0.6,0.6,0.6,0.6,0.6,0.6,0.6,0.6,0.6,0.6,0.6,0.6,0.6,0.6,0.6,0.6,0.6,0.6,0.6,0.6,0.6,0.6,0.6,0.6,0.6,0.6,0.6,0.6,0.6
0.6,0.6,0.6,0.6,0.6,0.6,0.6,0.6,0.6,0.6,0.6,0.6,0.6,0.6,0.6,0.6,0.6,0.6,0.6,0.6,0.6,0.6,0.6,0.6,0.6,0.6,0.6,0.6,0.6,0.6,0.6,0.6,0.6,0.6,0.6,0.6,0.6,0.6,0.6,0.6,0.6,0.6,0.6,0.6,0.6,0.6,0.6,0.6,0.6,0.6,0.6,0.6,0.6,0.6,0.6,0.6,0.6,0.6,0.6,0.6,0.6,0.6,0.6,0.6,0.6,0.6,0.6,0.6,0.6,0.6,0.6,0.6,0.6,0.6,0.6,0.6,0.6,0.6,0.6,0.6,0.6,0.6,0.6,0.6,0.6,0.6,0.6,0.6,0.6,0.6,0.6,0.6,0.6,0.6,0.6,0.6,0.6,0.6,0.6,0.6,0.6,0.6,0.6,0.6,0.6,0.6,0.6,0.6,0.6,0.6,0.6,0.6,0.6,0.6,0.6,0.6,0.6,0.6,0.6,0.6
0.6,0.6,0.6,0.6,0.6,0.6,0.6,0.6,0.6,0.6,0.6,0.6,0.6,0.6,0.6,0.6,0.6,0.6,0.6,0.6,0.6,0.6,0.6,0.6,0.6,0.6,0.6,0.6,0.6,0.6,0.6,0.6,0.6,0.6,0.6,0.6,0.6,0.6,0.6,0.6,0.6,0.6,0.6,0.6,0.6,0.6,0.6,0.6,0.6,0.6,0.6,0.6,0.6,0.6,0.6,0.6,0.6,0.6,0.6,0.6,0.6,0.6,0.6,0.6,0.6,0.6,0.6,0.6,0.6,0.6,0.6,0.6,0.6,0.6,0.6,0.6,0.6,0.6,0.6,0.6,0.6,0.6,0.6,0.6,0.6,0.6,0.6,0.6,0.6,0.6,0.6,0.6,0.6,0.6,0.6,0.6,0.6,0.6,0.6,0.6,0.6,0.6,0.6,0.6,0.6,0.6,0.6,0.6,0.6,0.6,0.6,0.6,0.6,0.6,0.6,0.6,0.6,0.6,0.6,0.6
0.6,0.6,0.6,0.6,0.6,0.6,0.6,0.6,0.6,0.6,0.6,0.6,0.6,0.6,0.6,0.6,0.6,0.6,0.6,0.6,0.6,0.6,0.6,0.6,0.6,0.6,0.6,0.6,0.6,0.6,0.6,0.6,0.6,0.6,0.6,0.6,0.6,0.6,0.6,0.6,0.6,0.6,0.6,0.6,0.6,0.6,0.6,0.6,0.6,0.6,0.6,0.6,0.6,0.6,0.6,0.6,0.6,0.6,0.6,0.6,0.6,0.6,0.6,0.6,0.6,0.6,0.6,0.6,0.6,0.6,0.6,0.6,0.6,0.6,0.6,0.6,0.6,0.6,0.6,0.6,0.6,0.6,0.6,0.6,0.6,0.6,0.6,0.6,0.6,0.6,0.6,0.6,0.6,0.6,0.6,0.6,0.6,0.6,0.6,0.6,0.6,0.6,0.6,0.6,0.6,0.6,0.6,0.6,0.6,0.6,0.6,0.6,0.6,0.6,0.6,0.6,0.6,0.6,0.6,0.6
0.6,0.6,0.6,0.6,0.6,0.6,0.6,0.6,0.6,0.6,0.6,0.6,0.6,0.6,0.6,0.6,0.6,0.6,0.6,0.6,0.6,0.6,0.6,0.6,0.6,0.6,0.6,0.6,0.6,0.6,0.6,0.6,0.6,0.6,0.6,0.6,0.6,0.6,0.6,0.6,0.6,0.6,0.6,0.6,0.6,0.6,0.6,0.6,0.6,0.6,0.6,0.6,0.6,0.6,0.6,0.6,0.6,0.6,0.6,0.6,0.6,0.6,0.6,0.6,0.6,0.6,0.6,0.6,0.6,0.6,0.6,0.6,0.6,0.6,0.6,0.6,0.6,0.6,0.6,0.6,0.6,0.6,0.6,0.6,0.6,0.6,0.6,0.6,0.6,0.6,0.6,0.6,0.6,0.6,0.6,0.6,0.6,0.6,0.6,0.6,0.6,0.6,0.6,0.6,0.6,0.6,0.6,0.6,0.6,0.6,0.6,0.6,0.6,0.6,0.6,0.6,0.6,0.6,0.6,0.6
0.6,0.6,0.6,0.6,0.6,0.6,0.6,0.6,0.6,0.6,0.6,0.6,0.6,0.6,0.6,0.6,0.6,0.6,0.6,0.6,0.6,0.6,0.6,0.6,0.6,0.6,0.6,0.6,0.6,0.6,0.6,0.6,0.6,0.6,0.6,0.6,0.6,0.6,0.6,0.6,0.6,0.6,0.6,0.6,0.6,0.6,0.6,0.6,0.6,0.6,0.6,0.6,0.6,0.6,0.6,0.6,0.6,0.6,0.6,0.6,0.6,0.6,0.6,0.6,0.6,0.6,0.6,0.6,0.6,0.6,0.6,0.6,0.6,0.6,0.6,0.6,0.6,0.6,0.6,0.6,0.6,0.6,0.6,0.6,0.6,0.6,0.6,0.6,0.6,0.6,0.6,0.6,0.6,0.6,0.6,0.6,0.6,0.6,0.6,0.6,0.6,0.6,0.6,0.6,0.6,0.6,0.6,0.6,0.6,0.6,0.6,0.6,0.6,0.6,0.6,0.6,0.6,0.6,0.6,0.6
0.6,0.6,0.6,0.6,0.6,0.6,0.6,0.6,0.6,0.6,0.6,0.6,0.6,0.6,0.6,0.6,0.6,0.6,0.6,0.6,0.6,0.6,0.6,0.6,0.6,0.6,0.6,0.6,0.6,0.6,0.6,0.6,0.6,0.6,0.6,0.6,0.6,0.6,0.6,0.6,0.6,0.6,0.6,0.6,0.6,0.6,0.6,0.6,0.6,0.6,0.6,0.6,0.6,0.6,0.6,0.6,0.6,0.6,0.6,0.6,0.6,0.6,0.6,0.6,0.6,0.6,0.6,0.6,0.6,0.6,0.6,0.6,0.6,0.6,0.6,0.6,0.6,0.6,0.6,0.6,0.6,0.6,0.6,0.6,0.6,0.6,0.6,0.6,0.6,0.6,0.6,0.6,0.6,0.6,0.6,0.6,0.6,0.6,0.6,0.6,0.6,0.6,0.6,0.6,0.6,0.6,0.6,0.6,0.6,0.6,0.6,0.6,0.6,0.6,0.6,0.6,0.6,0.6,0.6,0.6
0.6,0.6,0.6,0.6,0.6,0.6,0.6,0.6,0.6,0.6,0.6,0.6,0.6,0.6,0.6,0.6,0.6,0.6,0.6,0.6,0.6,0.6,0.6,0.6,0.6,0.6,0.6,0.6,0.6,0.6,0.6,0.6,0.6,0.6,0.6,0.6,0.6,0.6,0.6,0.6,0.6,0.6,0.6,0.6,0.6,0.6,0.6,0.6,0.6,0.6,0.6,0.6,0.6,0.6,0.6,0.6,0.6,0.6,0.6,0.6,0.6,0.6,0.6,0.6,0.6,0.6,0.6,0.6,0.6,0.6,0.6,0.6,0.6,0.6,0.6,0.6,0.6,0.6,0.6,0.6,0.6,0.6,0.6,0.6,0.6,0.6,0.6,0.6,0.6,0.6,0.6,0.6,0.6,0.6,0.6,0.6,0.6,0.6,0.6,0.6,0.6,0.6,0.6,0.6,0.6,0.6,0.6,0.6,0.6,0.6,0.6,0.6,0.6,0.6,0.6,0.6,0.6,0.6,0.6,0.6
0.6,0.6,0.6,0.6,0.6,0.6,0.6,0.6,0.6,0.6,0.6,0.6,0.6,0.6,0.6,0.6,0.6,0.6,0.6,0.6,0.6,0.6,0.6,0.6,0.6,0.6,0.6,0.6,0.6,0.6,0.6,0.6,0.6,0.6,0.6,0.6,0.6,0.6,0.6,0.6,0.6,0.6,0.6,0.6,0.6,0.6,0.6,0.6,0.6,0.6,0.6,0.6,0.6,0.6,0.6,0.6,0.6,0.6,0.6,0.6,0.6,0.6,0.6,0.6,0.6,0.6,0.6,0.6,0.6,0.6,0.6,0.6,0.6,0.6,0.6,0.6,0.6,0.6,0.6,0.6,0.6,0.6,0.6,0.6,0.6,0.6,0.6,0.6,0.6,0.6,0.6,0.6,0.6,0.6,0.6,0.6,0.6,0.6,0.6,0.6,0.6,0.6,0.6,0.6,0.6,0.6,0.6,0.6,0.6,0.6,0.6,0.6,0.6,0.6,0.6,0.6,0.6,0.6,0.6,0.6
0.6,0.6,0.6,0.6,0.6,0.6,0.6,0.6,0.6,0.6,0.6,0.6,0.6,0.6,0.6,0.6,0.6,0.6,0.6,0.6,0.6,0.6,0.6,0.6,0.6,0.6,0.6,0.6,0.6,0.6,0.6,0.6,0.6,0.6,0.6,0.6,0.6,0.6,0.6,0.6,0.6,0.6,0.6,0.6,0.6,0.6,0.6,0.6,0.6,0.6,0.6,0.6,0.6,0.6,0.6,0.6,0.6,0.6,0.6,0.6,0.6,0.6,0.6,0.6,0.6,0.6,0.6,0.6,0.6,0.6,0.6,0.6,0.6,0.6,0.6,0.6,0.6,0.6,0.6,0.6,0.6,0.6,0.6,0.6,0.6,0.6,0.6,0.6,0.6,0.6,0.6,0.6,0.6,0.6,0.6,0.6,0.6,0.6,0.6,0.6,0.6,0.6,0.6,0.6,0.6,0.6,0.6,0.6,0.6,0.6,0.6,0.6,0.6,0.6,0.6,0.6,0.6,0.6,0.6,0.6
0.6,0.6,0.6,0.6,0.6,0.6,0.6,0.6,0.6,0.6,0.6,0.6,0.6,0.6,0.6,0.6,0.6,0.6,0.6,0.6,0.6,0.6,0.6,0.6,0.6,0.6,0.6,0.6,0.6,0.6,0.6,0.6,0.6,0.6,0.6,0.6,0.6,0.6,0.6,0.6,0.6,0.6,0.6,0.6,0.6,0.6,0.6,0.6,0.6,0.6,0.6,0.6,0.6,0.6,0.6,0.6,0.6,0.6,0.6,0.6,0.6,0.6,0.6,0.6,0.6,0.6,0.6,0.6,0.6,0.6,0.6,0.6,0.6,0.6,0.6,0.6,0.6,0.6,0.6,0.6,0.6,0.6,0.6,0.6,0.6,0.6,0.6,0.6,0.6,0.6,0.6,0.6,0.6,0.6,0.6,0.6,0.6,0.6,0.6,0.6,0.6,0.6,0.6,0.6,0.6,0.6,0.6,0.6,0.6,0.6,0.6,0.6,0.6,0.6,0.6,0.6,0.6,0.6,0.6,0.6
0.6,0.6,0.6,0.6,0.6,0.6,0.6,0.6,0.6,0.6,0.6,0.6,0.6,0.6,0.6,0.6,0.6,0.6,0.6,0.6,0.6,0.6,0.6,0.6,0.6,0.6,0.6,0.6,0.6,0.6,0.6,0.6,0.6,0.6,0.6,0.6,0.6,0.6,0.6,0.6,0.6,0.6,0.6,0.6,0.6,0.6,0.6,0.6,0.6,0.6,0.6,0.6,0.6,0.6,0.6,0.6,0.6,0.6,0.6,0.6,0.6,0.6,0.6,0.6,0.6,0.6,0.6,0.6,0.6,0.6,0.6,0.6,0.6,0.6,0.6,0.6,0.6,0.6,0.6,0.6,0.6,0.6,0.6,0.6,0.6,0.6,0.6,0.6,0.6,0.6,0.6,0.6,0.6,0.6,0.6,0.6,0.6,0.6,0.6,0.6,0.6,0.6,0.6,0.6,0.6,0.6,0.6,0.6,0.6,0.6,0.6,0.6,0.6,0.6,0.6,0.6,0.6,0.6,0.6,0.6
0.6,0.6,0.6,0.6,0.6,0.6,0.6,0.6,0.6,0.6,0.6,0.6,0.6,0.6,0.6,0.6,0.6,0.6,0.6,0.6,0.6,0.6,0.6,0.6,0.6,0.6,0.6,0.6,0.6,0.6,0.6,0.6,0.6,0.6,0.6,0.6,0.6,0.6,0.6,0.6,0.6,0.6,0.6,0.6,0.6,0.6,0.6,0.6,0.6,0.6,0.6,0.6,0.6,0.6,0.6,0.6,0.6,0.6,0.6,0.6,0.6,0.6,0.6,0.6,0.6,0.6,0.6,0.6,0.6,0.6,0.6,0.6,0.6,0.6,0.6,0.6,0.6,0.6,0.6,0.6,0.6,0.6,0.6,0.6,0.6,0.6,0.6,0.6,0.6,0.6,0.6,0.6,0.6,0.6,0.6,0.6,0.6,0.6,0.6,0.6,0.6,0.6,0.6,0.6,0.6,0.6,0.6,0.6,0.6,0.6,0.6,0.6,0.6,0.6,0.6,0.6,0.6,0.6,0.6,0.6
0.6,0.6,0.6,0.6,0.6,0.6,0.6,0.6,0.6,0.6,0.6,0.6,0.6,0.6,0.6,0.6,0.6,0.6,0.6,0.6,0.6,0.6,0.6,0.6,0.6,0.6,0.6,0.6,0.6,0.6,0.6,0.6,0.6,0.6,0.6,0.6,0.6,0.6,0.6,0.6,0.6,0.6,0.6,0.6,0.6,0.6,0.6,0.6,0.6,0.6,0.6,0.6,0.6,0.6,0.6,0.6,0.6,0.6,0.6,0.6,0.6,0.6,0.6,0.6,0.6,0.6,0.6,0.6,0.6,0.6,0.6,0.6,0.6,0.6,0.6,0.6,0.6,0.6,0.6,0.6,0.6,0.6,0.6,0.6,0.6,0.6,0.6,0.6,0.6,0.6,0.6,0.6,0.6,0.6,0.6,0.6,0.6,0.6,0.6,0.6,0.6,0.6,0.6,0.6,0.6,0.6,0.6,0.6,0.6,0.6,0.6,0.6,0.6,0.6,0.6,0.6,0.6,0.6,0.6,0.6
0.6,0.6,0.6,0.6,0.6,0.6,0.6,0.6,0.6,0.6,0.6,0.6,0.6,0.6,0.6,0.6,0.6,0.6,0.6,0.6,0.6,0.6,0.6,0.6,0.6,0.6,0.6,0.6,0.6,0.6,0.6,0.6,0.6,0.6,0.6,0.6,0.6,0.6,0.6,0.6,0.6,0.6,0.6,0.6,0.6,0.6,0.6,0.6,0.6,0.6,0.6,0.6,0.6,0.6,0.6,0.6,0.61833745,0.61833745,0.61833745,0.61833745,0.7045301,0.7045301,0.7045301,0.7045301,0.6,0.6,0.6,0.6,0.6,0.6,0.6,0.6,0.6,0.6,0.6,0.6,0.6,0.6,0.6,0.6,0.6,0.6,0.6,0.6,0.6,0.6,0.6,0.6,0.6,0.6,0.6,0.6,0.6,0.6,0.6,0.6,0.6,0.6,0.6,0.6,0.6,0.6,0.6,0.6,0.6,0.6,0.6,0.6,0.6,0.6,0.6,0.6,0.6,0.6,0.6,0.6,0.6,0.6,0.6,0.6
0.6,0.6,0.6,0.6,0.6,0.6,0.6,0.6,0.6,0.6,0.6,0.6,0.6,0.6,0.6,0.6,0.6,0.6,0.6,0.6,0.6,0.6,0.6,0.6,0.6,0.6,0.6,0.6,0.6,0.6,0.6,0.6,0.6,0.6,0.6,0.6,0.6,0.6,0.6,0.6,0.6,0.6,0.6,0.6,0.6,0.6,0.6,0.6,0.6,0.6,0.6,0.6,0.6,0.6,0.6,0.6,0.61833745,0.61833745,0.61833745,0.61833745,0.7045301,0.7045301,0.7045301,0.7045301,0.6,0.6,0.6,0.6,0.6,0.6,0.6,0.6,0.6,0.6,0.6,0.6,0.6,0.6,0.6,0.6,0.6,0.6,0.6,0.6,0.6,0.6,0.6,0.6,0.6,0.6,0.6,0.6,0.6,0.6,0.6,0.6,0.6,0.6,0.6,0.6,0.6,0.6,0.6,0.6,0.6,0.6,0.6,0.6,0.6,0.6,0.6,0.6,0.6,0.6,0.6,0.6,0.6,0.6,0.6,0.6
0.6,0.6,0.6,0.6,0.6,0.6,0.6,0.6,0.6,0.6,0.6,0.6,0.6,0.6,0.6,0.6,0.6,0.6,0.6,0.6,0.6,0.6,0.6,0.6,0.6,0.6,0.6,0.6,0.6,0.6,0.6,0.6,0.6,0.6,0.6,0.6,0.6,0.6,0.6,0.6,0.6,0.6,0.6,0.6,0.6,0.6,0.6,0.6,0.6,0.6,0.6,0.6,0.6,0.6,0.6,0.6,0.61833745,0.61833745,0.61833745,0.61833745,0.7045301,0.7045301,0.7045301,0.7045301,0.6,0.6,0.6,0.6,0.6,0.6,0.6,0.6,0.6,0.6,0.6,0.6,0.6,0.6,0.6,0.6,0.6,0.6,0.6,0.6,0.6,0.6,0.6,0.6,0.6,0.6,0.6,0.6,0.6,0.6,0.6,0.6,0.6,0.6,0.6,0.6,0.6,0.6,0.6,0.6,0.6,0.6,0.6,0.6,0.6,0.6,0.6,0.6,0.6,0.6,0.6,0.6,0.6,0.6,0.6,0.6
0.6,0.6,0.6,0.6,0.6,0.6,0.6,0.6,0.6,0.6,0.6,0.6,0.6,0.6,0.6,0.6,0.6,0.6,0.6,0.6,0.6,0.6,0.6,0.6,0.6,0.6,0.6,0.6,0.6,0.6,0.6,0.6,0.6,0.6,0.6,0.6,0.6,0.6,0.6,0.6,0.6,0.6,0.6,0.6,0.6,0.6,0.6,0.6,0.6,0.6,0.6,0.6,0.6,0.6,0.6,0.6,0.61833745,0.61833745,0.61833745,0.61833745,0.7045301,0.7045301,0.7045301,0.7045301,0.6,0.6,0.6,0.6,0.6,0.6,0.6,0.6,0.6,0.6,0.6,0.6,0.6,0.6,0.6,0.6,0.6,0.6,0.6,0.6,0.6,0.6,0.6,0.6,0.6,0.6,0.6,0.6,0.6,0.6,0.6,0.6,0.6,0.6,0.6,0.6,0.6,0.6,0.6,0.6,0.6,0.6,0.6,0.6,0.6,0.6,0.6,0.6,0.6,0.6,0.6,0.6,0.6,0.6,0.6,0.6
0.6,0.6,0.6,0.6,0.6,0.6,0.6,0.6,0.6,0.6,0.6,0.6,0.6,0.6,0.6,0.6,0.6,0.6,0.6,0.6,0.6,0.6,0.6,0.6,0.6,0.6,0.6,0.6,0.6,0.6,0.6,0.6,0.6,0.6,0.6,0.6,0.6,0.6,0.6,0.6,0.6,0.6,0.6,0.6,0.6,0.6,0.6,0.6,0.6,0.6,0.6,0.6,0.6,0.6,0.6,0.6,0.9588072,0.9588072,0.9588072,0.9588072,0.9457863,0.9457863,0.9457863,0.9457863,0.6,0.6,0.6,0.6,0.6,0.6,0.6,0.6,0.6,0.6,0.6,0.6,0.6,0.6,0.6,0.6,0.6,0.6,0.6,0.6,0.6,0.6,0.6,0.6,0.6,0.6,0.6,0.6,0.6,0.6,0.6,0.6,0.6,0.6,0.6,0.6,0.6,0.6,0.6,0.6,0.6,0.6,0.6,0.6,0.6,0.6,0.6,0.6,0.6,0.6,0.6,0.6,0.6,0.6,0.6,0.6
0.6,0.6,0.6,0.6,0.6,0.6,0.6,0.6,0.6,0.6,0.6,0.6,0.6,0.6,0.6,0.6,0.6,0.6,0.6,0.6,0.6,0.6,0.6,0.6,0.6,0.6,0.6,0.6,0.6,0.6,0.6,0.6,0.6,0.6,0.6,0.6,0.6,0.6,0.6,0.6,0.6,0.6,0.6,0.6,0.6,0.6,0.6,0.6,0.6,0.6,0.6,0.6,0.6,0.6,0.6,0.6,0.9588072,0.9588072,0.9588072,0.9588072,0.9457863,0.9457863,0.9457863,0.9457863,0.6,0.6,0.6,0.6,0.6,0.6,0.6,0.6,0.6,0.6,0.6,0.6,0.6,0.6,0.6,0.6,0.6,0.6,0.6,0.6,0.6,0.6,0.6,0.6,0.6,0.6,0.6,0.6,0.6,0.6,0.6,0.6,0.6,0.6,0.6,0.6,0.6,0.6,0.6,0.6,0.6,0.6,0.6,0.6,0.6,0.6,0.6,0.6,0.6,0.6,0.6,0.6,0.6,0.6,0.6,0.6
0.6,0.6,0.6,0.6,0.6,0.6,0.6,0.6,0.6,0.6,0.6,0.6,0.6,0.6,0.6,0.6,0.6,0.6,0.6,0.6,0.6,0.6,0.6,0.6,0.6,0.6,0.6,0.6,0.6,0.6,0.6,0.6,0.6,0.6,0.6,0.6,0.6,0.6,0.6,0.6,0.6,0.6,0.6,0.6,0.6,0.6,0.6,0.6,0.6,0.6,0.6,0.6,0.6,0.6,0.6,0.6,0.9588072,0.9588072,0.9588072,0.9588072,0.9457863,0.9457863,0.9457863,0.9457863,0.6,0.6,0.6,0.6,0.6,0.6,0.6,0.6,0.6,0.6,0.6,0.6,0.6,0.6,0.6,0.6,0.6,0.6,0.6,0.6,0.6,0.6,0.6,0.6,0.6,0.6,0.6,0.6,0.6,0.6,0.6,0.6,0.6,0.6,0.6,0.6,0.6,0.6,0.6,0.6,0.6,0.6,0.6,0.6,0.6,0.6,0.6,0.6,0.6,0.6,0.6,0.6,0.6,0.6,0.6,0.6
0.6,0.6,0.6,0.6,0.6,0.6,0.6,0.6,0.6,0.6,0.6,0.6,0.6,0.6,0.6,0.6,0.6,0.6,0.6,0.6,0.6,0.6,0.6,0.6,0.6,0.6,0.6,0.6,0.6,0.6,0.6,0.6,0.6,0.6,0.6,0.6,0.6,0.6,0.6,0.6,0.6,0.6,0.6,0.6,0.6,0.6,0.6,0.6,0.6,0.6,0.6,0.6,0.6,0.6,0.6,0.6,0.9588072,0.9588072,0.9588072,0.9588072,0.9457863,0.9457863,0.9457863,0.9457863,0.6,0.6,0.6,0.6,0.6,0.6,0.6,0.6,0.6,0.6,0.6,0.6,0.6,0.6,0.6,0.6,0.6,0.6,0.6,0.6,0.6,0.6,0.6,0.6,0.6,0.6,0.6,0.6,0.6,0.6,0.6,0.6,0.6,0.6,0.6,0.6,0.6,0.6,0.6,0.6,0.6,0.6,0.6,0.6,0.6,0.6,0.6,0.6,0.6,0.6,0.6,0.6,0.6,0.6,0.6,0.6
0.634856,0.634856,0.634856,0.634856,0.6,0.6,0.6,0.6,0.6396681,0.6396681,0.6396681,0.6396681,0.9212611,0.9212611,0.9212611,0.9212611,0.6,0.6,0.6,0.6,0.6,0.6,0.6,0.6,0.6,0.6,0.6,0.6,0.6,0.6,0.6,0.6,0.6,0.6,0.6,0.6,0.7361247,0.7361247,0.7361247,0.7361247,1.0041676,1.0041676,1.0041676,1.0041676,0.6,0.6,0.6,0.6,0.8876615,0.8876615,0.8876615,0.8876615,1.1445175,1.1445175,1.1445175,1.1445175,1.2631012,1.2631012,1.2631012,1.2631012,1.2090905,1.2090905,1.2090905,1.2090905,0.6,0.6,0.6,0.6,0.95371056,0.95371056,0.95371056,0.95371056,0.6,0.6,0.6,0.6,0.6,0.6,0.6,0.6,0.6,0.6,0.6,0.6,0.6,0.6,0.6,0.6,0.6,0.6,0.6,0.6,0.6,0.6,0.6,0.6,0.6,0.6,0.6,0.6,0.6,0.6,0.6,0.6,0.6,0.6,0.6,0.6,0.6,0.6,0.6,0.6,0.6,0.6,0.6,0.6,0.6,0.6,0.6,0.6
0.634856,0.634856,0.634856,0.634856,0.6,0.6,0.6,0.6,0.6396681,0.6396681,0.6396681,0.6396681,0.9212611,0.9212611,0.9212611,0.9212611,0.6,0.6,0.6,0.6,0.6,0.6,0.6,0.6,0.6,0.6,0.6,0.6,0.6,0.6,0.6,0.6,0.6,0.6,0.6,0.6,0.7361247,0.7361247,0.7361247,0.7361247,1.0041676,1.0041676,1.0041676,1.0041676,0.6,0.6,0.6,0.6,0.8876615,0.8876615,0.8876615,0.8876615,1.1445175,1.1445175,1.1445175,1.1445175,1.2631012,1.2631012,1.2631012,1.2631012,1.2090905,1.2090905,1.2090905,1.2090905,0.6,0.6,0.6,0.6,0.95371056,0.95371056,0.95371056,0.95371056,0.6,0.6,0.6,0.6,0.6,0.6,0.6,0.6,0.6,0.6,0.6,0.6,0.6,0.6,0.6,0.6,0.6,0.6,0.6,0.6,0.6,0.6,0.6,0.6,0.6,0.6,0.6,0.6,0.6,0.6,0.6,0.6,0.6,0.6,0.6,0.6,0.6,0.6,0.6,0.6,0.6,0.6,0.6,0.6,0.6,0.6,0.6,0.6
0.634856,0.634856,0.634856,0.634856,0.6,0.6,0.6,0.6,0.6396681,0.6396681,0.6396681,0.6396681,0.9212611,0.9212611,0.9212611,0.9212611,0.6,0.6,0.6,0.6,0.6,0.6,0.6,0.6,0.6,0.6,0.6,0.6,0.6,0.6,0.6,0.6,0.6,0.6,0.6,0.6,0.7361247,0.7361247,0.7361247,0.7361247,1.0041676,1.0041676,1.0041676,1.0041676,0.6,0.6,0.6,0.6,0.8876615,0.8876615,0.8876615,0.8876615,1.1445175,1.1445175,1.1445175,1.1445175,1.2631012,1.2631012,1.2631012,1.2631012,1.2090905,1.2090905,1.2090905,1.2090905,0.6,0.6,0.6,0.6,0.95371056,0.95371056,0.95371056,0.95371056,0.6,0.6,0.6,0.6,0.6,0.6,0.6,0.6,0.6,0.6,0.6,0.6,0.6,0.6,0.6,0.6,0.6,0.6,0.6,0.6,0.6,0.6,0.6,0.6,0.6,0.6,0.6,0.6,0.6,0.6,0.6,0.6,0.6,0.6,0.6,0.6,0.6,0.6,0.6,0.6,0.6,0.6,0.6,0.6,0.6,0.6,0.6,0.6
0.634856,0.634856,0.634856,0.634856,0.6,0.6,0.6,0.6,0.6396681,0.6396681,0.6396681,0.6396681,0.9212611,0.9212611,0.9212611,0.9212611,0.6,0.6,0.6,0.6,0.6,0.6,0.6,0.6,0.6,0.6,0.6,0.6,0.6,0.6,0.6,0.6,0.6,0.6,0.6,0.6,0.7361247,0.7361247,0.7361247,0.7361247,1.0041676,1.0041676,1.0041676,1.0041676,0.6,0.6,0.6,0.6,0.8876615,0.8876615,0.8876615,0.8876615,1.1445175,1.1445175,1.1445175,1.1445175,1.2631012,1.2631012,1.2631012,1.2631012,1.2090905,1.2090905,1.2090905,1.2090905,0.6,0.6,0.6,0.6,0.95371056,0.95371056,0.95371056,0.95371056,0.6,0.6,0.6,0.6,0.6,0.6,0.6,0.6,0.6,0.6,0.6,0.6,0.6,0.6,0.6,0.6,0.6,0.6,0.6,0.6,0.6,0.6,0.6,0.6,0.6,0.6,0.6,0.6,0.6,0.6,0.6,0.6,0.6,0.6,0.6,0.6,0.6,0.6,0.6,0.6,0.6,0.6,0.6,0.6,0.6,0.6,0.6,0.6
1.2181926,1.2181926,1.2181926,1.2181926,1.4443976,1.4443976,1.4443976,1.4443976,1.414582,1.414582,1.414582,1.414582,1.3138947,1.3138947,1.3138947,1.3138947,1.8461719,1.8461719,1.8461719,1.8461719,1.6251713,1.6251713,1.6251713,1.6251713,2.115338,2.115338,2.115338,2.115338,1.7305346,1.7305346,1.7305346,1.7305346,1.8476194,1.8476194,1.8476194,1.8476194,2.043007,2.043007,2.043007,2.043007,1.6120814,1.6120814,1.6120814,1.6120814,1.8653822,1.8653822,1.8653822,1.8653822,2.1522489,2.1522489,2.1522489,2.1522489,2.1999989,2.1999989,2.1999989,2.1999989,2.2394547,2.2394547,2.2394547,2.2394547,2.5555077,2.5555077,2.5555077,2.5555077,2.4982054,2.4982054,2.4982054,2.4982054,1.9302267,1.9302267,1.9302267,1.9302267,1.7855195,1.7855195,1.7855195,1.7855195,1.6099557,1.6099557,1.6099557,1.6099557,1.6744587,1.6744587,1.6744587,1.6744587,1.8858087,1.8858087,1.8858087,1.8858087,1.5705749,1.5705749,1.5705749,1.5705749,1.5699368,1.5699368,1.5699368,1.5699368,1.244122,1.244122,1.244122,1.244122,1.1941713,1.1941713,1.1941713,1.1941713,1.173444,1.173444,1.173444,1.173444,1.2065057,1.2065057,1.2065057,1.2065057,0.97000647,0.97000647,0.97000647,0.97000647,1.1926339,1.1926339,1.1926339,1.1926339
1.2181926,1.2181926,1.2181926,1.2181926,1.4443976,1.4443976,1.4443976,1.4443976,1.414582,1.414582,1.414582,1.414582,1.3138947,1.3138947,1.3138947,1.3138947,1.8461719,1.8461719,1.8461719,1.8461719,1.6251713,1.6251713,1.6251713,1.6251713,2.115338,2.115338,2.115338,2.115338,1.7305346,1.7305346,1.7305346,1.7305346,1.8476194,1.8476194,1.8476194,1.8476194,2.043007,2.043007,2.043007,2.043007,1.6120814,1.6120814,1.6120814,1.6120814,1.8653822,1.8653822,1.8653822,1.8653822,2.1522489,2.1522489,2.1522489,2.1522489,2.1999989,2.1999989,2.1999989,2.1999989,2.2394547,2.2394547,2.2394547,2.2394547,2.5555077,2.5555077,2.5555077,2.5555077,2.4982054,2.4982054,2.4982054,2.4982054,1.9302267,1.9302267,1.9302267,1.9302267,1.7855195,1.7855195,1.7855195,1.7855195,1.6099557,1.6099557,1.6099557,1.6099557,1.6744587,1.6744587,1.6744587,1.6744587,1.8858087,1.8858087,1.8858087,1.8858087,1.5705749,1.5705749,1.5705749,1.5705749,1.5699368,1.5699368,1.5699368,1.5699368,1.244122,1.244122,1.244122,1.244122,1.1941713,1.1941713,1.1941713,1.1941713,1.173444,1.173444,1.173444,1.173444,1.2065057,1.2065057,1.2065057,1.2065057,0.97000647,0.97000647,0.97000647,0.97000647,1.1926339,1.1926339,1.1926339,1.1926339
1.2181926,1.2181926,1.2181926,1.2181926,1.4443976,1.4443976,1.4443976,1.4443976,1.414582,1.414582,1.414582,1.414582,1.3138947,1.3138947,1.3138947,1.3138947,1.8461719,1.8461719,1.8461719,1.8461719,1.6251713,1.6251713,1.6251713,1.6251713,2.115338,2.115338,2.115338,2.115338,1.7305346,1.7305346,1.7305346,1.7305346,1.8476194,1.8476194,1.8476194,1.8476194,2.043007,2.043007,2.043007,2.043007,1.6120814,1.6120814,1.6120814,1.6120814,1.8653822,1.8653822,1.8653822,1.8653822,2.1522489,2.1522489,2.1522489,2.1522489,2.1999989,2.1999989,2.1999989,2.1999989,2.2394547,2.2394547,2.2394547,2.2394547,2.5555077,2.5555077,2.5555077,2.5555077,2.4982054,2.4982054,2.4982054,2.4982054,1.9302267,1.9302267,1.9302267,1.9302267,1.7855195,1.7855195,1.7855195,1.7855195,1.6099557,1.6099557,1.6099557,1.6099557,1.6744587,1.6744587,1.6744587,1.6744587,1.8858087,1.8858087,1.8858087,1.8858087,1.5705749,1.5705749,1.5705749,1.5705749,1.5699368,1.5699368,1.5699368,1.5699368,1.244122,1.244122,1.244122,1.244122,1.1941713,1.1941713,1.1941713,1.1941713,1.173444,1.173444,1.173444,1.173444,1.2065057,1.2065057,1.2065057,1.2065057,0.97000647,0.97000647,0.97000647,0.97000647,1.1926339,1.1926339,1.1926339,1.1926339
1.2181926,1.2181926,1.2181926,1.2181926,1.4443976,1.4443976,1.4443976,1.4443976,1.414582,1.414582,1.414582,1.414582,1.3138947,1.3138947,1.3138947,1.3138947,1.8461719,1.8461719,1.8461719,1.8461719,1.6251713,1.6251713,1.6251713,1.6251713,2.115338,2.115338,2.115338,2.115338,1.7305346,1.7305346,1.7305346,1.7305346,1.8476194,1.8476194,1.8476194,1.8476194,2.043007,2.043007,2.043007,2.043007,1.6120814,1.6120814,1.6120814,1.6120814,1.8653822,1.8653822,1.8653822,1.8653822,2.1522489,2.1522489,2.1522489,2.1522489,2.1999989,2.1999989,2.1999989,2.1999989,2.2394547,2.2394547,2.2394547,2.2394547,2.5555077,2.5555077,2.5555077,2.5555077,2.4982054,2.4982054,2.4982054,2.4982054,1.9302267,1.9302267,1.9302267,1.9302267,1.7855195,1.7855195,1.7855195,1.7855195,1.6099557,1.6099557,1.6099557,1.6099557,1.6744587,1.6744587,1.6744587,1.6744587,1.8858087,1.8858087,1.8858087,1.8858087,1.5705749,1.5705749,1.5705749,1.5705749,1.5699368,1.5699368,1.5699368,1.5699368,1.244122,1.244122,1.244122,1.244122,1.1941713,1.1941713,1.1941713,1.1941713,1.173444,1.173444,1.173444,1.173444,1.2065057,1.2065057,1.2065057,1.2065057,0.97000647,0.97000647,0.97000647,0.97000647,1.1926339,1.1926339,1.1926339,1.1926339
1.4540673,1.4540673,1.4540673,1.4540673,1.5864452,1.5864452,1.5864452,1.5864452,1.4631014,1.4631014,1.4631014,1.4631014,1.6047609,1.6047609,1.6047609,1.6047609,1.7741058,1.7741058,1.7741058,1.7741058,2.0025115,2.0025115,2.0025115,2.0025115,1.7425269,1.7425269,1.7425269,1.7425269,2.0883372,2.0883372,2.0883372,2.0883372,2.4028764,2.4028764,2.4028764,2.4028764,2.2033415,2.2033415,2.2033415,2.2033415,2.3460321,2.3460321,2.3460321,2.3460321,2.6962273,2.6962273,2.6962273,2.6962273,2.217517,2.217517,2.217517,2.217517,2.6346676,2.6346676,2.6346676,2.6346676,2.761503,2.761503,2.761503,2.761503,3.0,3.0,3.0,3.0,3.0,3.0,3.0,3.0,2.5053554,2.5053554,2.5053554,2.5053554,2.2698584,2.2698584,2.2698584,2.2698584,2.3444586,2.3444586,2.3444586,2.3444586,2.243358,2.243358,2.243358,2.243358,2.1913037,2.1913037,2.1913037,2.1913037,2.1239908,2.1239908,2.1239908,2.1239908,2.1867225,2.1867225,2.1867225,2.1867225,2.1486733,2.1486733,2.1486733,2.1486733,1.7132939,1.7132939,1.7132939,1.7132939,1.655313,1.655313,1.655313,1.655313,1.7877744,1.7877744,1.7877744,1.7877744,1.9199952,1.9199952,1.9199952,1.9199952,1.6244688,1.6244688,1.6244688,1.6244688
1.4540673,1.4540673,1.4540673,1.4540673,1.5864452,1.5864452,1.5864452,1.5864452,1.4631014,1.4631014,1.4631014,1.4631014,1.6047609,1.6047609,1.6047609,1.6047609,1.7741058,1.7741058,1.7741058,1.7741058,2.0025115,2.0025115,2.0025115,2.0025115,1.7425269,1.7425269,1.7425269,1.7425269,2.0883372,2.0883372,2.0883372,2.0883372,2.4028764,2.4028764,2.4028764,2.4028764,2.2033415,2.2033415,2.2033415,2.2033415,2.3460321,2.3460321,2.3460321,2.3460321,2.6962273,2.6962273,2.6962273,2.6962273,2.217517,2.217517,2.217517,2.217517,2.6346676,2.6346676,2.6346676,2.6346676,2.761503,2.761503,2.761503,2.761503,3.0,3.0,3.0,3.0,3.0,3.0,3.0,3.0,2.5053554,2.5053554,2.5053554,2.5053554,2.2698584,2.2698584,2.2698584,2.2698584,2.3444586,2.3444586,2.3444586,2.3444586,2.243358,2.243358,2.243358,2.243358,2.1913037,2.1913037,2.1913037,2.1913037,2.1239908,2.1239908,2.1239908,2.1239908,2.1867225,2.1867225,2.1867225,2.1867225,2.1486733,2.1486733,2.1486733,2.1486733,1.7132939,1.7132939,1.7132939,1.7132939,1.655313,1.655313,1.655313,1.655313,1.7877744,1.7877744,1.7877744,1.7877744,1.9199952,1.9199952,1.9199952,1.9199952,1.6244688,1.6244688,1.6244688,1.6244688
1.4540673,1.4540673,1.4540673,1.4540673,1.5864452,1.5864452,1.5864452,1.5864452,1.4631014,1.4631014,1.4631014,1.4631014,1.6047609,1.6047609,1.6047609,1.6047609,1.7741058,1.7741058,1.7741058,1.7741058,2.0025115,2.0025115,2.0025115,2.0025115,1.7425269,1.7425269,1.7425269,1.7425269,2.0883372,2.0883372,2.0883372,2.0883372,2.4028764,2.4028764,2.4028764,2.4028764,2.2033415,2.2033415,2.2033415,2.2033415,2.3460321,2.3460321,2.3460321,2.3460321,2.6962273,2.6962273,2.6962273,2.6962273,2.217517,2.217517,2.217517,2.217517,2.6346676,2.6346676,2.6346676,2.6346676,2.761503,2.761503,2.761503,2.761503,3.0,3.0,3.0,3.0,3.0,3.0,3.0,3.0,2.5053554,2.5053554,2.5053554,2.5053554,2.2698584,2.2698584,2.2698584,2.2698584,2.3444586,2.3444586,2.3444586,2.3444586,2.243358,2.243358,2.243358,2.243358,2.1913037,2.1913037,2.1913037,2.1913037,2.1239908,2.1239908,2.1239908,2.1239908,2.1867225,2.1867225,2.1867225,2.1867225,2.1486733,2.1486733,2.1486733,2.1486733,1.7132939,1.7132939,1.7132939,1.7132939,1.655313,1.655313,1.655313,1.655313,1.7877744,1.7877744,1.7877744,1.7877744,1.9199952,1.9199952,1.9199952,1.9199952,1.6244688,1.6244688,1.6244688,1.6244688
1.4540673,1.4540673,1.4540673,1.4540673,1.5864452,1.5864452,1.5864452,1.5864452,1.4631014,1.4631014,1.4631014,1.4631014,1.6047609,1.6047609,1.6047609,1.6047609,1.7741058,1.7741058,1.7741058,1.7741058,2.0025115,2.0025115,2.0025115,2.0025115,1.7425269,1.7425269,1.7425269,1.7425269,2.0883372,2.0883372,2.0883372,2.0883372,2.4028764,2.4028764,2.4028764,2.4028764,2.2033415,2.2033415,2.2033415,2.2033415,2.3460321,2.3460321,2.3460321,2.3460321,2.6962273,2.6962273,2.6962273,2.6962273,2.217517,2.217517,2.217517,2.217517,2.6346676,2.6346676,2.6346676,2.6346676,2.761503,2.761503,2.761503,2.761503,3.0,3.0,3.0,3.0,3.0,3.0,3.0,3.0,2.5053554,2.5053554,2.5053554,2.5053554,2.2698584,2.2698584,2.2698584,2.2698584,2.3444586,2.3444586,2.3444586,2.3444586,2.243358,2.243358,2.243358,2.243358,2.1913037,2.1913037,2.1913037,2.1913037,2.1239908,2.1239908,2.1239908,2.1239908,2.1867225,2.1867225,2.1867225,2.1867225,2.1486733,2.1486733,2.1486733,2.1486733,1.7132939,1.7132939,1.7132939,1.7132939,1.655313,1.655313,1.655313,1.655313,1.7877744,1.7877744,1.7877744,1.7877744,1.9199952,1.9199952,1.9199952,1.9199952,1.6244688,1.6244688,1.6244688,1.6244688
1.6998239,1.6998239,1.6998239,1.6998239,1.6273379,1.6273379,1.6273379,1.6273379,1.5880761,1.5880761,1.5880761,1.5880761,1.9752686,1.9752686,1.9752686,1.9752686,1.9857013,1.9857013,1.9857013,1.9857013,2.2490733,2.2490733,2.2490733,2.2490733,2.3892891,2.3892891,2.3892891,2.3892891,2.1928153,2.1928153,2.1928153,2.1928153,2.3691204,2.3691204,2.3691204,2.3691204,2.2678394,2.2678394,2.2678394,2.2678394,2.2747514,2.2747514,2.2747514,2.2747514,2.0227888,2.0227888,2.0227888,2.0227888,2.529294,2.529294,2.529294,2.529294,2.3475418,2.3475418,2.3475418,2.3475418,2.9686503,2.9686503,2.9686503,2.9686503,2.801082,2.801082,2.801082,2.801082,3.0,3.0,3.0,3.0,3.0,3.0,3.0,3.0,3.0,3.0,3.0,3.0,3.0,3.0,3.0,3.0,2.5990467,2.5990467,2.5990467,2.5990467,2.290109,2.290109,2.290109,2.290109,2.7107031,2.7107031,2.7107031,2.7107031,2.3674672,2.3674672,2.3674672,2.3674672,2.5534954,2.5534954,2.5534954,2.5534954,2.43481,2.43481,2.43481,2.43481,2.4331653,2.4331653,2.4331653,2.4331653,2.1153731,2.1153731,2.1153731,2.1153731,1.938004,1.938004,1.938004,1.938004,1.9387974,1.9387974,1.9387974,1.9387974
1.6998239,1.6998239,1.6998239,1.6998239,1.6273379,1.6273379,1.6273379,1.6273379,1.5880761,1.5880761,1.5880761,1.5880761,1.9752686,1.9752686,1.9752686,1.9752686,1.9857013,1.9857013,1.9857013,1.9857013,2.2490733,2.2490733,2.2490733,2.2490733,2.3892891,2.3892891,2.3892891,2.3892891,2.1928153,2.1928153,2.1928153,2.1928153,2.3691204,2.3691204,2.3691204,2.3691204,2.2678394,2.2678394,2.2678394,2.2678394,2.2747514,2.2747514,2.2747514,2.2747514,2.0227888,2.0227888,2.0227888,2.0227888,2.529294,2.529294,2.529294,2.529294,2.3475418,2.3475418,2.3475418,2.3475418,2.9686503,2.9686503,2.9686503,2.9686503,2.801082,2.801082,2.801082,2.801082,3.0,3.0,3.0,3.0,3.0,3.0,3.0,3.0,3.0,3.0,3.0,3.0,3.0,3.0,3.0,3.0,2.5990467,2.5990467,2.5990467,2.5990467,2.290109,2.290109,2.290109,2.290109,2.7107031,2.7107031,2.7107031,2.7107031,2.3674672,2.3674672,2.3674672,2.3674672,2.5534954,2.5534954,2.5534954,2.5534954,2.43481,2.43481,2.43481,2.43481,2.4331653,2.4331653,2.4331653,2.4331653,2.1153731,2.1153731,2.1153731,2.1153731,1.938004,1.938004,1.938004,1.938004,1.9387974,1.9387974,1.9387974,1.9387974
1.6998239,1.6998239,1.6998239,1.6998239,1.6273379,1.6273379,1.6273379,1.6273379,1.5880761,1.5880761,1.5880761,1.5880761,1.9752686,1.9752686,1.9752686,1.9752686,1.9857013,1.9857013,1.9857013,1.9857013,2.2490733,2.2490733,2.2490733,2.2490733,2.3892891,2.3892891,2.3892891,2.3892891,2.1928153,2.1928153,2.1928153,2.1928153,2.3691204,2.3691204,2.3691204,2.3691204,2.2678394,2.2678394,2.2678394,2.2678394,2.2747514,2.2747514,2.2747514,2.2747514,2.0227888,2.0227888,2.0227888,2.0227888,2.529294,2.529294,2.529294,2.529294,2.3475418,2.3475418,2.3475418,2.3475418,2.9686503,2.9686503,2.9686503,2.9686503,2.801082,2.801082,2.801082,2.801082,3.0,3.0,3.0,3.0,3.0,3.0,3.0,3.0,3.0,3.0,3.0,3.0,3.0,3.0,3.0,3.0,2.5990467,2.5990467,2.5990467,2.5990467,2.290109,2.290109,2.290109,2.290109,2.7107031,2.7107031,2.7107031,2.7107031,2.3674672,2.3674672,2.3674672,2.3674672,2.5534954,2.5534954,2.5534954,2.5534954,2.43481,2.43481,2.43481,2.43481,2.4331653,2.4331653,2.4331653,2.4331653,2.1153731,2.1153731,2.1153731,2.1153731,1.938004,1.938004,1.938004,1.938004,1.9387974,1.9387974,1.9387974,1.9387974
1.6998239,1.6998239,1.6998239,1.6998239,1.6273379,1.6273379,1.6273379,1.6273379,1.5880761,1.5880761,1.5880761,1.5880761,1.9752686,1.9752686,1.9752686,1.9752686,1.9857013,1.9857013,1.9857013,1.9857013,2.2490733,2.2490733,2.2490733,2.2490733,2.3892891,2.3892891,2.3892891,2.3892891,2.1928153,2.1928153,2.1928153,2.1928153,2.3691204,2.3691204,2.3691204,2.3691204,2.2678394,2.2678394,2.2678394,2.2678394,2.2747514,2.2747514,2.2747514,2.2747514,2.0227888,2.0227888,2.0227888,2.0227888,2.529294,2.529294,2.529294,2.529294,2.3475418,2.3475418,2.3475418,2.3475418,2.9686503,2.9686503,2.9686503,2.9686503,2.801082,2.801082,2.801082,2.801082,3.0,3.0,3.0,3.0,3.0,3.0,3.0,3.0,3.0,3.0,3.0,3.0,3.0,3.0,3.0,3.0,2.5990467,2.5990467,2.5990467,2.5990467,2.290109,2.290109,2.290109,2.290109,2.7107031,2.7107031,2.7107031,2.7107031,2.3674672,2.3674672,2.3674672,2.3674672,2.5534954,2.5534954,2.5534954,2.5534954,2.43481,2.43481,2.43481,2.43481,2.4331653,2.4331653,2.4331653,2.4331653,2.1153731,2.1153731,2.1153731,2.1153731,1.938004,1.938004,1.938004,1.938004,1.9387974,1.9387974,1.9387974,1.9387974
1.3942249,1.3942249,1.3942249,1.3942249,1.6914564,1.6914564,1.6914564,1.6914564,1.7711557,1.7711557,1.7711557,1.7711557,1.8597193,1.8597193,1.8597193,1.8597193,2.284504,2.284504,2.284504,2.284504,1.9696349,1.9696349,1.9696349,1.9696349,2.0017927,2.0017927,2.0017927,2.0017927,1.6553524,1.6553524,1.6553524,1.6553524,1.6166524,1.6166524,1.6166524,1.6166524,2.1970572,2.1970572,2.1970572,2.1970572,1.8984275,1.8984275,1.8984275,1.8984275,2.2246659,2.2246659,2.2246659,2.2246659,1.7043779,1.7043779,1.7043779,1.7043779,2.8354223,2.8354223,2.8354223,2.8354223,3.0,3.0,3.0,3.0,2.7579868,2.7579868,2.7579868,2.7579868,2.0516572,2.0516572,2.0516572,2.0516572,2.6687016,2.6687016,2.6687016,2.6687016,2.8896055,2.8896055,2.8896055,2.8896055,2.7692842,2.7692842,2.7692842,2.7692842,2.6268287,2.6268287,2.6268287,2.6268287,1.956754,1.956754,1.956754,1.956754,2.304746,2.304746,2.304746,2.304746,2.5741093,2.5741093,2.5741093,2.5741093,2.2554653,2.2554653,2.2554653,2.2554653,1.6055638,1.6055638,1.6055638,1.6055638,1.7349201,1.7349201,1.7349201,1.7349201,1.7803383,1.7803383,1.7803383,1.7803383,1.9879113,1.9879113,1.9879113,1.9879113,1.9787699,1.9787699,1.9787699,1.9787699
1.3942249,1.3942249,1.3942249,1.3942249,1.6914564,1.6914564,1.6914564,1.6914564,1.7711557,1.7711557,1.7711557,1.7711557,1.8597193,1.8597193,1.8597193,1.8597193,2.284504,2.284504,2.284504,2.284504,1.9696349,1.9696349,1.9696349,1.9696349,2.0017927,2.0017927,2.0017927,2.0017927,1.6553524,1.6553524,1.6553524,1.6553524,1.6166524,1.6166524,1.6166524,1.6166524,2.1970572,2.1970572,2.1970572,2.1970572,1.8984275,1.8984275,1.8984275,1.8984275,2.2246659,2.2246659,2.2246659,2.2246659,1.7043779,1.7043779,1.7043779,1.7043779,2.8354223,2.8354223,2.8354223,2.8354223,3.0,3.0,3.0,3.0,2.7579868,2.7579868,2.7579868,2.7579868,2.0516572,2.0516572,2.0516572,2.0516572,2.6687016,2.6687016,2.6687016,2.6687016,2.8896055,2.8896055,2.8896055,2.8896055,2.7692842,2.7692842,2.7692842,2.7692842,2.6268287,2.6268287,2.6268287,2.6268287,1.956754,1.956754,1.956754,1.956754,2.304746,2.304746,2.304746,2.304746,2.5741093,2.5741093,2.5741093,2.5741093,2.2554653,2.2554653,2.2554653,2.2554653,1.6055638,1.6055638,1.6055638,1.6055638,1.7349201,1.7349201,1.7349201,1.7349201,1.7803383,1.7803383,1.7803383,1.7803383,1.9879113,1.9879113,1.9879113,1.9879113,1.9787699,1.9787699,1.9787699,1.9787699
1.3942249,1.3942249,1.3942249,1.3942249,1.6914564,1.6914564,1.6914564,1.6914564,1.7711557,1.7711557,1.7711557,1.7711557,1.8597193,1.8597193,1.8597193,1.8597193,2.284504,2.284504,2.284504,2.284504,1.9696349,1.9696349,1.9696349,1.9696349,2.0017927,2.0017927,2.0017927,2.0017927,1.6553524,1.6553524,1.6553524,1.6553524,1.6166524,1.6166524,1.6166524,1.6166524,2.1970572,2.1970572,2.1970572,2.1970572,1.8984275,1.8984275,1.8984275,1.8984275,2.2246659,2.2246659,2.2246659,2.2246659,1.7043779,1.7043779,1.7043779,1.7043779,2.8354223,2.8354223,2.8354223,2.8354223,3.0,3.0,3.0,3.0,2.7579868,2.7579868,2.7579868,2.7579868,2.0516572,2.0516572,2.0516572,2.0516572,2.6687016,2.6687016,2.6687016,2.6687016,2.8896055,2.8896055,2.8896055,2.8896055,2.7692842,2.7692842,2.7692842,2.7692842,2.6268287,2.6268287,2.6268287,2.6268287,1.956754,1.956754,1.956754,1.956754,2.304746,2.304746,2.304746,2.304746,2.5741093,2.5741093,2.5741093,2.5741093,2.2554653,2.2554653,2.2554653,2.2554653,1.6055638,1.6055638,1.6055638,1.6055638,1.7349201,1.7349201,1.7349201,1.7349201,1.7803383,1.7803383,1.7803383,1.7803383,1.9879113,1.9879113,1.9879113,1.9879113,1.9787699,1.9787699,1.9787699,1.9787699
1.3942249,1.3942249,1.3942249,1.3942249,1.6914564,1.6914564,1.6914564,1.6914564,1.7711557,1.7711557,1.7711557,1.7711557,1.8597193,1.8597193,1.8597193,1.8597193,2.284504,2.284504,2.284504,2.284504,1.9696349,1.9696349,1.9696349,1.9696349,2.0017927,2.0017927,2.0017927,2.0017927,1.6553524,1.6553524,1.6553524,1.6553524,1.6166524,1.6166524,1.6166524,1.6166524,2.1970572,2.1970572,2.1970572,2.1970572,1.8984275,1.8984275,1.8984275,1.8984275,2.2246659,2.2246659,2.2246659,2.2246659,1.7043779,1.7043779,1.7043779,1.7043779,2.8354223,2.8354223,2.8354223,2.8354223,3.0,3.0,3.0,3.0,2.7579868,2.7579868,2.7579868,2.7579868,2.0516572,2.0516572,2.0516572,2.0516572,2.6687016,2.6687016,2.6687016,2.6687016,2.8896055,2.8896055,2.8896055,2.8896055,2.7692842,2.7692842,2.7692842,2.7692842,2.6268287,2.6268287,2.6268287,2.6268287,1.956754,1.956754,1.956754,1.956754,2.304746,2.304746,2.304746,2.304746,2.5741093,2.5741093,2.5741093,2.5741093,2.2554653,2.2554653,2.2554653,2.2554653,1.6055638,1.6055638,1.6055638,1.6055638,1.7349201,1.7349201,1.7349201,1.7349201,1.7803383,1.7803383,1.7803383,1.7803383,1.9879113,1.9879113,1.9879113,1.9879113,1.9787699,1.9787699,1.9787699,1.9787699
1.6006728,1.6006728,1.6006728,1.6006728,1.7364339,1.7364339,1.7364339,1.7364339,1.678134,1.678134,1.678134,1.678134,1.7617599,1.7617599,1.7617599,1.7617599,1.905586,1.905586,1.905586,1.905586,2.0450878,2.0450878,2.0450878,2.0450878,2.0403938,2.0403938,2.0403938,2.0403938,2.061041,2.061041,2.061041,2.061041,1.6929523,1.6929523,1.6929523,1.6929523,1.5415499,1.5415499,1.5415499,1.5415499,1.4477266,1.4477266,1.4477266,1.4477266,2.4871902,2.4871902,2.4871902,2.4871902,2.0269883,2.0269883,2.0269883,2.0269883,2.423396,2.423396,2.423396,2.423396,2.4218588,2.4218588,2.4218588,2.4218588,2.0807798,2.0807798,2.0807798,2.0807798,2.0290353,2.0290353,2.0290353,2.0290353,1.9429584,1.9429584,1.9429584,1.9429584,3.0,3.0,3.0,3.0,2.1788237,2.1788237,2.1788237,2.1788237,2.0289426,2.0289426,2.0289426,2.0289426,1.8285881,1.8285881,1.8285881,1.8285881,1.8366187,1.8366187,1.8366187,1.8366187,1.7631664,1.7631664,1.7631664,1.7631664,2.0713902,2.0713902,2.0713902,2.0713902,2.1169908,2.1169908,2.1169908,2.1169908,1.8262187,1.8262187,1.8262187,1.8262187,1.6583793,1.6583793,1.6583793,1.6583793,1.2882378,1.2882378,1.2882378,1.2882378,1.1938115,1.1938115,1.1938115,1.1938115
1.6006728,1.6006728,1.6006728,1.6006728,1.7364339,1.7364339,1.7364339,1.7364339,1.678134,1.678134,1.678134,1.678134,1.7617599,1.7617599,1.7617599,1.7617599,1.905586,1.905586,1.905586,1.905586,2.0450878,2.0450878,2.0450878,2.0450878,2.0403938,2.0403938,2.0403938,2.0403938,2.061041,2.061041,2.061041,2.061041,1.6929523,1.6929523,1.6929523,1.6929523,1.5415499,1.5415499,1.5415499,1.5415499,1.4477266,1.4477266,1.4477266,1.4477266,2.4871902,2.4871902,2.4871902,2.4871902,2.0269883,2.0269883,2.0269883,2.0269883,2.423396,2.423396,2.423396,2.423396,2.4218588,2.4218588,2.4218588,2.4218588,2.0807798,2.0807798,2.0807798,2.0807798,2.0290353,2.0290353,2.0290353,2.0290353,1.9429584,1.9429584,1.9429584,1.9429584,3.0,3.0,3.0,3.0,2.1788237,2.1788237,2.1788237,2.1788237,2.0289426,2.0289426,2.0289426,2.0289426,1.8285881,1.8285881,1.8285881,1.8285881,1.8366187,1.8366187,1.8366187,1.8366187,1.7631664,1.7631664,1.7631664,1.7631664,2.0713902,2.0713902,2.0713902,2.0713902,2.1169908,2.1169908,2.1169908,2.1169908,1.8262187,1.8262187,1.8262187,1.8262187,1.6583793,1.6583793,1.6583793,1.6583793,1.2882378,1.2882378,1.2882378,1.2882378,1.1938115,1.1938115,1.1938115,1.1938115
1.6006728,1.6006728,1.6006728,1.6006728,1.7364339,1.7364339,1.7364339,1.7364339,1.678134,1.678134,1.678134,1.678134,1.7617599,1.7617599,1.7617599,1.7617599,1.905586,1.905586,1.905586,1.905586,2.0450878,2.0450878,2.0450878,2.0450878,2.0403938,2.0403938,2.0403938,2.0403938,2.061041,2.061041,2.061041,2.061041,1.6929523,1.6929523,1.6929523,1.6929523,1.5415499,1.5415499,1.5415499,1.5415499,1.4477266,1.4477266,1.4477266,1.4477266,2.4871902,2.4871902,2.4871902,2.4871902,2.0269883,2.0269883,2.0269883,2.0269883,2.423396,2.423396,2.423396,2.423396,2.4218588,2.4218588,2.4218588,2.4218588,2.0807798,2.0807798,2.0807798,2.0807798,2.0290353,2.0290353,2.0290353,2.0290353,1.9429584,1.9429584,1.9429584,1.9429584,3.0,3.0,3.0,3.0,2.1788237,2.1788237,2.1788237,2.1788237,2.0289426,2.0289426,2.0289426,2.0289426,1.8285881,1.8285881,1.8285881,1.8285881,1.8366187,1.8366187,1.8366187,1.8366187,1.7631664,1.7631664,1.7631664,1.7631664,2.0713902,2.0713902,2.0713902,2.0713902,2.1169908,2.1169908,2.1169908,2.1169908,1.8262187,1.8262187,1.8262187,1.8262187,1.6583793,1.6583793,1.6583793,1.6583793,1.2882378,1.2882378,1.2882378,1.2882378,1.1938115,1.1938115,1.1938115,1.1938115
1.6006728,1.6006728,1.6006728,1.6006728,1.7364339,1.7364339,1.7364339,1.7364339,1.678134,1.678134,1.678134,1.678134,1.7617599,1.7617599,1.7617599,1.7617599,1.905586,1.905586,1.905586,1.905586,2.0450878,2.0450878,2.0450878,2.0450878,2.0403938,2.0403938,2.0403938,2.0403938,2.061041,2.061041,2.061041,2.061041,1.6929523,1.6929523,1.6929523,1.6929523,1.5415499,1.5415499,1.5415499,1.5415499,1.4477266,1.4477266,1.4477266,1.4477266,2.4871902,2.4871902,2.4871902,2.4871902,2.0269883,2.0269883,2.0269883,2.0269883,2.423396,2.423396,2.423396,2.423396,2.4218588,2.4218588,2.4218588,2.4218588,2.0807798,2.0807798,2.0807798,2.0807798,2.0290353,2.0290353,2.0290353,2.0290353,1.9429584,1.9429584,1.9429584,1.9429584,3.0,3.0,3.0,3.0,2.1788237,2.1788237,2.1788237,2.1788237,2.0289426,2.0289426,2.0289426,2.0289426,1.8285881,1.8285881,1.8285881,1.8285881,1.8366187,1.8366187,1.8366187,1.8366187,1.7631664,1.7631664,1.7631664,1.7631664,2.0713902,2.0713902,2.0713902,2.0713902,2.1169908,2.1169908,2.1169908,2.1169908,1.8262187,1.8262187,1.8262187,1.8262187,1.6583793,1.6583793,1.6583793,1.6583793,1.2882378,1.2882378,1.2882378,1.2882378,1.1938115,1.1938115,1.1938115,1.1938115
1.7004472,1.7004472,1.7004472,1.7004472,1.8537811,1.8537811,1.8537811,1.8537811,1.8701245,1.8701245,1.8701245,1.8701245,1.8750588,1.8750588,1.8750588,1.8750588,1.7944909,1.7944909,1.7944909,1.7944909,1.4516108,1.4516108,1.4516108,1.4516108,1.7382051,1.7382051,1.7382051,1.7382051,2.0801656,2.0801656,2.0801656,2.0801656,2.1391077,2.1391077,2.1391077,2.1391077,1.628459,1.628459,1.628459,1.628459,1.3821855,1.3821855,1.3821855,1.3821855,2.4678547,2.4678547,2.4678547,2.4678547,1.8475491,1.8475491,1.8475491,1.8475491,1.6976271,1.6976271,1.6976271,1.6976271,2.0620387,2.0620387,2.0620387,2.0620387,2.9010684,2.9010684,2.9010684,2.9010684,2.5517256,2.5517256,2.5517256,2.5517256,3.0,3.0,3.0,3.0,3.0,3.0,3.0,3.0,3.0,3.0,3.0,3.0,1.9405674,1.9405674,1.9405674,1.9405674,1.113425,1.113425,1.113425,1.113425,2.3814604,2.3814604,2.3814604,2.3814604,1.8477949,1.8477949,1.8477949,1.8477949,1.6519617,1.6519617,1.6519617,1.6519617,1.7085057,1.7085057,1.7085057,1.7085057,1.7201184,1.7201184,1.7201184,1.7201184,2.130768,2.130768,2.130768,2.130768,1.6878636,1.6878636,1.6878636,1.6878636,1.9733151,1.9733151,1.9733151,1.9733151
1.7004472,1.7004472,1.7004472,1.7004472,1.8537811,1.8537811,1.8537811,1.8537811,1.8701245,1.8701245,1.8701245,1.8701245,1.8750588,1.8750588,1.8750588,1.8750588,1.7944909,1.7944909,1.7944909,1.7944909,1.4516108,1.4516108,1.4516108,1.4516108,1.7382051,1.7382051,1.7382051,1.7382051,2.0801656,2.0801656,2.0801656,2.0801656,2.1391077,2.1391077,2.1391077,2.1391077,1.628459,1.628459,1.628459,1.628459,1.3821855,1.3821855,1.3821855,1.3821855,2.4678547,2.4678547,2.4678547,2.4678547,1.8475491,1.8475491,1.8475491,1.8475491,1.6976271,1.6976271,1.6976271,1.6976271,2.0620387,2.0620387,2.0620387,2.0620387,2.9010684,2.9010684,2.9010684,2.9010684,2.5517256,2.5517256,2.5517256,2.5517256,3.0,3.0,3.0,3.0,3.0,3.0,3.0,3.0,3.0,3.0,3.0,3.0,1.9405674,1.9405674,1.9405674,1.9405674,1.113425,1.113425,1.113425,1.113425,2.3814604,2.3814604,2.3814604,2.3814604,1.8477949,1.8477949,1.8477949,1.8477949,1.6519617,1.6519617,1.6519617,1.6519617,1.7085057,1.7085057,1.7085057,1.7085057,1.7201184,1.7201184,1.7201184,1.7201184,2.130768,2.130768,2.130768,2.130768,1.6878636,1.6878636,1.6878636,1.6878636,1.9733151,1.9733151,1.9733151,1.9733151
1.7004472,1.7004472,1.7004472,1.7004472,1.8537811,1.8537811,1.8537811,1.8537811,1.8701245,1.8701245,1.8701245,1.8701245,1.8750588,1.8750588,1.8750588,1.8750588,1.7944909,1.7944909,1.7944909,1.7944909,1.4516108,1.4516108,1.4516108,1.4516108,1.7382051,1.7382051,1.7382051,1.7382051,2.0801656,2.0801656,2.0801656,2.0801656,2.1391077,2.1391077,2.1391077,2.1391077,1.628459,1.628459,1.628459,1.628459,1.3821855,1.3821855,1.3821855,1.3821855,2.4678547,2.4678547,2.4678547,2.4678547,1.8475491,1.8475491,1.8475491,1.8475491,1.6976271,1.6976271,1.6976271,1.6976271,2.0620387,2.0620387,2.0620387,2.0620387,2.9010684,2.9010684,2.9010684,2.9010684,2.5517256,2.5517256,2.5517256,2.5517256,3.0,3.0,3.0,3.0,3.0,3.0,3.0,3.0,3.0,3.0,3.0,3.0,1.9405674,1.9405674,1.9405674,1.9405674,1.113425,1.113425,1.113425,1.113425,2.3814604,2.3814604,2.3814604,2.3814604,1.8477949,1.8477949,1.8477949,1.8477949,1.6519617,1.6519617,1.6519617,1.6519617,1.7085057,1.7085057,1.7085057,1.7085057,1.7201184,1.7201184,1.7201184,1.7201184,2.130768,2.130768,2.130768,2.130768,1.6878636,1.6878636,1.6878636,1.6878636,1.9733151,1.9733151,1.9733151,1.9733151
1.7004472,1.7004472,1.7004472,1.7004472,1.8537811,1.8537811,1.8537811,1.8537811,1.8701245,1.8701245,1.8701245,1.8701245,1.8750588,1.8750588,1.8750588,1.8750588,1.7944909,1.7944909,1.7944909,1.7944909,1.4516108,1.4516108,1.4516108,1.4516108,1.7382051,1.7382051,1.7382051,1.7382051,2.0801656,2.0801656,2.0801656,2.0801656,2.1391077,2.1391077,2.1391077,2.1391077,1.628459,1.628459,1.628459,1.628459,1.3821855,1.3821855,1.3821855,1.3821855,2.4678547,2.4678547,2.4678547,2.4678547,1.8475491,1.8475491,1.8475491,1.8475491,1.6976271,1.6976271,1.6976271,1.6976271,2.0620387,2.0620387,2.0620387,2.0620387,2.9010684,2.9010684,2.9010684,2.9010684,2.5517256,2.5517256,2.5517256,2.5517256,3.0,3.0,3.0,3.0,3.0,3.0,3.0,3.0,3.0,3.0,3.0,3.0,1.9405674,1.9405674,1.9405674,1.9405674,1.113425,1.113425,1.113425,1.113425,2.3814604,2.3814604,2.3814604,2.3814604,1.8477949,1.8477949,1.8477949,1.8477949,1.6519617,1.6519617,1.6519617,1.6519617,1.7085057,1.7085057,1.7085057,1.7085057,1.7201184,1.7201184,1.7201184,1.7201184,2.130768,2.130768,2.130768,2.130768,1.6878636,1.6878636,1.6878636,1.6878636,1.9733151,1.9733151,1.9733151,1.9733151
1.801668,1.801668,1.801668,1.801668,1.4625133,1.4625133,1.4625133,1.4625133,1.0933118,1.0933118,1.0933118,1.0933118,0.90680784,0.90680784,0.90680784,0.90680784,1.3670684,1.3670684,1.3670684,1.3670684,1.6099266,1.6099266,1.6099266,1.6099266,1.4771881,1.4771881,1.4771881,1.4771881,2.2391238,2.2391238,2.2391238,2.2391238,2.089417,2.089417,2.089417,2.089417,1.4218376,1.4218376,1.4218376,1.4218376,1.4430249,1.4430249,1.4430249,1.4430249,1.5589323,1.5589323,1.5589323,1.5589323,1.8229041,1.8229041,1.8229041,1.8229041,1.6289217,1.6289217,1.6289217,1.6289217,2.6822832,2.6822832,2.6822832,2.6822832,3.0,3.0,3.0,3.0,2.6185298,2.6185298,2.6185298,2.6185298,2.9072144,2.9072144,2.9072144,2.9072144,3.0,3.0,3.0,3.0,2.7873414,2.7873414,2.7873414,2.7873414,2.720264,2.720264,2.720264,2.720264,2.100349,2.100349,2.100349,2.100349,1.9133298,1.9133298,1.9133298,1.9133298,1.6541649,1.6541649,1.6541649,1.6541649,1.6334696,1.6334696,1.6334696,1.6334696,1.6515789,1.6515789,1.6515789,1.6515789,1.635138,1.635138,1.635138,1.635138,1.6842161,1.6842161,1.6842161,1.6842161,2.139782,2.139782,2.139782,2.139782,1.9330775,1.9330775,1.9330775,1.9330775
1.801668,1.801668,1.801668,1.801668,1.4625133,1.4625133,1.4625133,1.4625133,1.0933118,1.0933118,1.0933118,1.0933118,0.90680784,0.90680784,0.90680784,0.90680784,1.3670684,1.3670684,1.3670684,1.3670684,1.6099266,1.6099266,1.6099266,1.6099266,1.4771881,1.4771881,1.4771881,1.4771881,2.2391238,2.2391238,2.2391238,2.2391238,2.089417,2.089417,2.089417,2.089417,1.4218376,1.4218376,1.4218376,1.4218376,1.4430249,1.4430249,1.4430249,1.4430249,1.5589323,1.5589323,1.5589323,1.5589323,1.8229041,1.8229041,1.8229041,1.8229041,1.6289217,1.6289217,1.6289217,1.6289217,2.6822832,2.6822832,2.6822832,2.6822832,3.0,3.0,3.0,3.0,2.6185298,2.6185298,2.6185298,2.6185298,2.9072144,2.9072144,2.9072144,2.9072144,3.0,3.0,3.0,3.0,2.7873414,2.7873414,2.7873414,2.7873414,2.720264,2.720264,2.720264,2.720264,2.100349,2.100349,2.100349,2.100349,1.9133298,1.9133298,1.9133298,1.9133298,1.6541649,1.6541649,1.6541649,1.6541649,1.6334696,1.6334696,1.6334696,1.6334696,1.6515789,1.6515789,1.6515789,1.6515789,1.635138,1.635138,1.635138,1.635138,1.6842161,1.6842161,1.6842161,1.6842161,2.139782,2.139782,2.139782,2.139782,1.9330775,1.9330775,1.9330775,1.9330775
1.801668,1.801668,1.801668,1.801668,1.4625133,1.4625133,1.4625133,1.4625133,1.0933118,1.0933118,1.0933118,1.0933118,0.90680784,0.90680784,0.90680784,0.90680784,1.3670684,1.3670684,1.3670684,1.3670684,1.6099266,1.6099266,1.6099266,1.6099266,1.4771881,1.4771881,1.4771881,1.4771881,2.2391238,2.2391238,2.2391238,2.2391238,2.089417,2.089417,2.089417,2.089417,1.4218376,1.4218376,1.4218376,1.4218376,1.4430249,1.4430249,1.4430249,1.4430249,1.5589323,1.5589323,1.5589323,1.5589323,1.8229041,1.8229041,1.8229041,1.8229041,1.6289217,1.6289217,1.6289217,1.6289217,2.6822832,2.6822832,2.6822832,2.6822832,3.0,3.0,3.0,3.0,2.6185298,2.6185298,2.6185298,2.6185298,2.9072144,2.9072144,2.9072144,2.9072144,3.0,3.0,3.0,3.0,2.7873414,2.7873414,2.7873414,2.7873414,2.720264,2.720264,2.720264,2.720264,2.100349,2.100349,2.100349,2.100349,1.9133298,1.9133298,1.9133298,1.9133298,1.6541649,1.6541649,1.6541649,1.6541649,1.6334696,1.6334696,1.6334696,1.6334696,1.6515789,1.6515789,1.6515789,1.6515789,1.635138,1.635138,1.635138,1.635138,1.6842161,1.6842161,1.6842161,1.6842161,2.139782,2.139782,2.139782,2.139782,1.9330775,1.9330775,1.9330775,1.9330775
1.801668,1.801668,1.801668,1.801668,1.4625133,1.4625133,1.4625133,1.4625133,1.0933118,1.0933118,1.0933118,1.0933118,0.90680784,0.90680784,0.90680784,0.90680784,1.3670684,1.3670684,1.3670684,1.3670684,1.6099266,1.6099266,1.6099266,1.6099266,1.4771881,1.4771881,1.4771881,1.4771881,2.2391238,2.2391238,2.2391238,2.2391238,2.089417,2.089417,2.089417,2.089417,1.4218376,1.4218376,1.4218376,1.4218376,1.4430249,1.4430249,1.4430249,1.4430249,1.5589323,1.5589323,1.5589323,1.5589323,1.8229041,1.8229041,1.8229041,1.8229041,1.6289217,1.6289217,1.6289217,1.6289217,2.6822832,2.6822832,2.6822832,2.6822832,3.0,3.0,3.0,3.0,2.6185298,2.6185298,2.6185298,2.6185298,2.9072144,2.9072144,2.9072144,2.9072144,3.0,3.0,3.0,3.0,2.7873414,2.7873414,2.7873414,2.7873414,2.720264,2.720264,2.720264,2.720264,2.100349,2.100349,2.100349,2.100349,1.9133298,1.9133298,1.9133298,1.9133298,1.6541649,1.6541649,1.6541649,1.6541649,1.6334696,1.6334696,1.6334696,1.6334696,1.6515789,1.6515789,1.6515789,1.6515789,1.635138,1.635138,1.635138,1.635138,1.6842161,1.6842161,1.6842161,1.6842161,2.139782,2.139782,2.139782,2.139782,1.9330775,1.9330775,1.9330775,1.9330775
1.0070739,1.0070739,1.0070739,1.0070739,0.86393654,0.86393654,0.86393654,0.86393654,0.8995174,0.8995174,0.8995174,0.8995174,0.8920581,0.8920581,0.8920581,0.8920581,1.2866073,1.2866073,1.2866073,1.2866073,1.3827888,1.3827888,1.3827888,1.3827888,1.3369678,1.3369678,1.3369678,1.3369678,1.4263737,1.4263737,1.4263737,1.4263737,2.604077,2.604077,2.604077,2.604077,2.5046654,2.5046654,2.5046654,2.5046654,2.320035,2.320035,2.320035,2.320035,2.5738811,2.5738811,2.5738811,2.5738811,2.0259435,2.0259435,2.0259435,2.0259435,2.0417788,2.0417788,2.0417788,2.0417788,1.6962864,1.6962864,1.6962864,1.6962864,2.3115718,2.3115718,2.3115718,2.3115718,2.0148933,2.0148933,2.0148933,2.0148933,2.7891629,2.7891629,2.7891629,2.7891629,2.7965112,2.7965112,2.7965112,2.7965112,2.5761585,2.5761585,2.5761585,2.5761585,2.0436761,2.0436761,2.0436761,2.0436761,1.4247774,1.4247774,1.4247774,1.4247774,1.4222097,1.4222097,1.4222097,1.4222097,1.4351014,1.4351014,1.4351014,1.4351014,1.7130414,1.7130414,1.7130414,1.7130414,1.8791397,1.8791397,1.8791397,1.8791397,1.8309578,1.8309578,1.8309578,1.8309578,1.7557662,1.7557662,1.7557662,1.7557662,1.8154553,1.8154553,1.8154553,1.8154553,2.223547,2.223547,2.223547,2.223547
1.0070739,1.0070739,1.0070739,1.0070739,0.86393654,0.86393654,0.86393654,0.86393654,0.8995174,0.8995174,0.8995174,0.8995174,0.8920581,0.8920581,0.8920581,0.8920581,1.2866073,1.2866073,1.2866073,1.2866073,1.3827888,1.3827888,1.3827888,1.3827888,1.3369678,1.3369678,1.3369678,1.3369678,1.4263737,1.4263737,1.4263737,1.4263737,2.604077,2.604077,2.604077,2.604077,2.5046654,2.5046654,2.5046654,2.5046654,2.320035,2.320035,2.320035,2.320035,2.5738811,2.5738811,2.5738811,2.5738811,2.0259435,2.0259435,2.0259435,2.0259435,2.0417788,2.0417788,2.0417788,2.0417788,1.6962864,1.6962864,1.6962864,1.6962864,2.3115718,2.3115718,2.3115718,2.3115718,2.0148933,2.0148933,2.0148933,2.0148933,2.7891629,2.7891629,2.7891629,2.7891629,2.7965112,2.7965112,2.7965112,2.7965112,2.5761585,2.5761585,2.5761585,2.5761585,2.0436761,2.0436761,2.0436761,2.0436761,1.4247774,1.4247774,1.4247774,1.4247774,1.4222097,1.4222097,1.4222097,1.4222097,1.4351014,1.4351014,1.4351014,1.4351014,1.7130414,1.7130414,1.7130414,1.7130414,1.8791397,1.8791397,1.8791397,1.8791397,1.8309578,1.8309578,1.8309578,1.8309578,1.7557662,1.7557662,1.7557662,1.7557662,1.8154553,1.8154553,1.8154553,1.8154553,2.223547,2.223547,2.223547,2.223547
1.0070739,1.0070739,1.0070739,1.0070739,0.86393654,0.86393654,0.86393654,0.86393654,0.8995174,0.8995174,0.8995174,0.8995174,0.8920581,0.8920581,0.8920581,0.8920581,1.2866073,1.2866073,1.2866073,1.2866073,1.3827888,1.3827888,1.3827888,1.3827888,1.3369678,1.3369678,1.3369678,1.3369678,1.4263737,1.4263737,1.4263737,1.4263737,2.604077,2.604077,2.604077,2.604077,2.5046654,2.5046654,2.5046654,2.5046654,2.320035,2.320035,2.320035,2.320035,2.5738811,2.5738811,2.5738811,2.5738811,2.0259435,2.0259435,2.0259435,2.0259435,2.0417788,2.0417788,2.0417788,2.0417788,1.6962864,1.6962864,1.6962864,1.6962864,2.3115718,2.3115718,2.3115718,2.3115718,2.0148933,2.0148933,2.0148933,2.0148933,2.7891629,2.7891629,2.7891629,2.7891629,2.7965112,2.7965112,2.7965112,2.7965112,2.5761585,2.5761585,2.5761585,2.5761585,2.0436761,2.0436761,2.0436761,2.0436761,1.4247774,1.4247774,1.4247774,1.4247774,1.4222097,1.4222097,1.4222097,1.4222097,1.4351014,1.4351014,1.4351014,1.4351014,1.7130414,1.7130414,1.7130414,1.7130414,1.8791397,1.8791397,1.8791397,1.8791397,1.8309578,1.8309578,1.8309578,1.8309578,1.7557662,1.7557662,1.7557662,1.7557662,1.8154553,1.8154553,1.8154553,1.8154553,2.223547,2.223547,2.223547,2.223547
1.0070739,1.0070739,1.0070739,1.0070739,0.86393654,0.86393654,0.86393654,0.86393654,0.8995174,0.8995174,0.8995174,0.8995174,0.8920581,0.8920581,0.8920581,0.8920581,1.2866073,1.2866073,1.2866073,1.2866073,1.3827888,1.3827888,1.3827888,1.3827888,1.3369678,1.3369678,1.3369678,1.3369678,1.4263737,1.4263737,1.4263737,1.4263737,2.604077,2.604077,2.604077,2.604077,2.5046654,2.5046654,2.5046654,2.5046654,2.320035,2.320035,2.320035,2.320035,2.5738811,2.5738811,2.5738811,2.5738811,2.0259435,2.0259435,2.0259435,2.0259435,2.0417788,2.0417788,2.0417788,2.0417788,1.6962864,1.6962864,1.6962864,1.6962864,2.3115718,2.3115718,2.3115718,2.3115718,2.0148933,2.0148933,2.0148933,2.0148933,2.7891629,2.7891629,2.7891629,2.7891629,2.7965112,2.7965112,2.7965112,2.7965112,2.5761585,2.5761585,2.5761585,2.5761585,2.0436761,2.0436761,2.0436761,2.0436761,1.4247774,1.4247774,1.4247774,1.4247774,1.4222097,1.4222097,1.4222097,1.4222097,1.4351014,1.4351014,1.4351014,1.4351014,1.7130414,1.7130414,1.7130414,1.7130414,1.8791397,1.8791397,1.8791397,1.8791397,1.8309578,1.8309578,1.8309578,1.8309578,1.7557662,1.7557662,1.7557662,1.7557662,1.8154553,1.8154553,1.8154553,1.8154553,2.223547,2.223547,2.223547,2.223547
0.6,0.6,0.6,0.6,0.7191384,0.7191384,0.7191384,0.7191384,0.9203412,0.9203412,0.9203412,0.9203412,1.1801815,1.1801815,1.1801815,1.1801815,1.1829698,1.1829698,1.1829698,1.1829698,1.0812694,1.0812694,1.0812694,1.0812694,1.1384096,1.1384096,1.1384096,1.1384096,1.254677,1.254677,1.254677,1.254677,2.5040157,2.5040157,2.5040157,2.5040157,2.5375922,2.5375922,2.5375922,2.5375922,1.9819626,1.9819626,1.9819626,1.9819626,1.5306754,1.5306754,1.5306754,1.5306754,1.1233215,1.1233215,1.1233215,1.1233215,1.9197196,1.9197196,1.9197196,1.9197196,1.1004721,1.1004721,1.1004721,1.1004721,2.3509417,2.3509417,2.3509417,2.3509417,1.2883004,1.2883004,1.2883004,1.2883004,1.5999084,1.5999084,1.5999084,1.5999084,2.2881203,2.2881203,2.2881203,2.2881203,1.9922804,1.9922804,1.9922804,1.9922804,1.9226841,1.9226841,1.9226841,1.9226841,1.7437149,1.7437149,1.7437149,1.7437149,2.066414,2.066414,2.066414,2.066414,1.9790614,1.9790614,1.9790614,1.9790614,1.6932194,1.6932194,1.6932194,1.6932194,1.4404311,1.4404311,1.4404311,1.4404311,1.5583363,1.5583363,1.5583363,1.5583363,1.661939,1.661939,1.661939,1.661939,1.5710759,1.5710759,1.5710759,1.5710759,1.6732582,1.6732582,1.6732582,1.6732582
0.6,0.6,0.6,0.6,0.7191384,0.7191384,0.7191384,0.7191384,0.9203412,0.9203412,0.9203412,0.9203412,1.1801815,1.1801815,1.1801815,1.1801815,1.1829698,1.1829698,1.1829698,1.1829698,1.0812694,1.0812694,1.0812694,1.0812694,1.1384096,1.1384096,1.1384096,1.1384096,1.254677,1.254677,1.254677,1.254677,2.5040157,2.5040157,2.5040157,2.5040157,2.5375922,2.5375922,2.5375922,2.5375922,1.9819626,1.9819626,1.9819626,1.9819626,1.5306754,1.5306754,1.5306754,1.5306754,1.1233215,1.1233215,1.1233215,1.1233215,1.9197196,1.9197196,1.9197196,1.9197196,1.1004721,1.1004721,1.1004721,1.1004721,2.3509417,2.3509417,2.3509417,2.3509417,1.2883004,1.2883004,1.2883004,1.2883004,1.5999084,1.5999084,1.5999084,1.5999084,2.2881203,2.2881203,2.2881203,2.2881203,1.9922804,1.9922804,1.9922804,1.9922804,1.9226841,1.9226841,1.9226841,1.9226841,1.7437149,1.7437149,1.7437149,1.7437149,2.066414,2.066414,2.066414,2.066414,1.9790614,1.9790614,1.9790614,1.9790614,1.6932194,1.6932194,1.6932194,1.6932194,1.4404311,1.4404311,1.4404311,1.4404311,1.5583363,1.5583363,1.5583363,1.5583363,1.661939,1.661939,1.661939,1.661939,1.5710759,1.5710759,1.5710759,1.5710759,1.6732582,1.6732582,1.6732582,1.6732582
0.6,0.6,0.6,0.6,0.7191384,0.7191384,0.7191384,0.7191384,0.9203412,0.9203412,0.9203412,0.9203412,1.1801815,1.1801815,1.1801815,1.1801815,1.1829698,1.1829698,1.1829698,1.1829698,1.0812694,1.0812694,1.0812694,1.0812694,1.1384096,1.1384096,1.1384096,1.1384096,1.254677,1.254677,1.254677,1.254677,2.5040157,2.5040157,2.5040157,2.5040157,2.5375922,2.5375922,2.5375922,2.5375922,1.9819626,1.9819626,1.9819626,1.9819626,1.5306754,1.5306754,1.5306754,1.5306754,1.1233215,1.1233215,1.1233215,1.1233215,1.9197196,1.9197196,1.9197196,1.9197196,1.1004721,1.1004721,1.1004721,1.1004721,2.3509417,2.3509417,2.3509417,2.3509417,1.2883004,1.2883004,1.2883004,1.2883004,1.5999084,1.5999084,1.5999084,1.5999084,2.2881203,2.2881203,2.2881203,2.2881203,1.9922804,1.9922804,1.9922804,1.9922804,1.9226841,1.9226841,1.9226841,1.9226841,1.7437149,1.7437149,1.7437149,1.7437149,2.066414,2.066414,2.066414,2.066414,1.9790614,1.9790614,1.9790614,1.9790614,1.6932194,1.6932194,1.6932194,1.6932194,1.4404311,1.4404311,1.4404311,1.4404311,1.5583363,1.5583363,1.5583363,1.5583363,1.661939,1.661939,1.661939,1.661939,1.5710759,1.5710759,1.5710759,1.5710759,1.6732582,1.6732582,1.6732582,1.6732582
0.6,0.6,0.6,0.6,0.7191384,0.7191384,0.7191384,0.7191384,0.9203412,0.9203412,0.9203412,0.9203412,1.1801815,1.1801815,1.1801815,1.1801815,1.1829698,1.1829698,1.1829698,1.1829698,1.0812694,1.0812694,1.0812694,1.0812694,1.1384096,1.1384096,1.1384096,1.1384096,1.254677,1.254677,1.254677,1.254677,2.5040157,2.5040157,2.5040157,2.5040157,2.5375922,2.5375922,2.5375922,2.5375922,1.9819626,1.9819626,1.9819626,1.9819626,1.5306754,1.5306754,1.5306754,1.5306754,1.1233215,1.1233215,1.1233215,1.1233215,1.9197196,1.9197196,1.9197196,1.9197196,1.1004721,1.1004721,1.1004721,1.1004721,2.3509417,2.3509417,2.3509417,2.3509417,1.2883004,1.2883004,1.2883004,1.2883004,1.5999084,1.5999084,1.5999084,1.5999084,2.2881203,2.2881203,2.2881203,2.2881203,1.9922804,1.9922804,1.9922804,1.9922804,1.9226841,1.9226841,1.9226841,1.9226841,1.7437149,1.7437149,1.7437149,1.7437149,2.066414,2.066414,2.066414,2.066414,1.9790614,1.9790614,1.9790614,1.9790614,1.6932194,1.6932194,1.6932194,1.6932194,1.4404311,1.4404311,1.4404311,1.4404311,1.5583363,1.5583363,1.5583363,1.5583363,1.661939,1.661939,1.661939,1.661939,1.5710759,1.5710759,1.5710759,1.5710759,1.6732582,1.6732582,1.6732582,1.6732582
0.6,0.6,0.6,0.6,0.8457136,0.8457136,0.8457136,0.8457136,0.8171705,0.8171705,0.8171705,0.8171705,0.6337001,0.6337001,0.6337001,0.6337001,0.6,0.6,0.6,0.6,0.6,0.6,0.6,0.6,0.6,0.6,0.6,0.6,0.6,0.6,0.6,0.6,1.7262143,1.7262143,1.7262143,1.7262143,1.5873404,1.5873404,1.5873404,1.5873404,1.1979772,1.1979772,1.1979772,1.1979772,1.7797946,1.7797946,1.7797946,1.7797946,1.6941161,1.6941161,1.6941161,1.6941161,1.446824,1.446824,1.446824,1.446824,1.8081369,1.8081369,1.8081369,1.8081369,1.8956132,1.8956132,1.8956132,1.8956132,2.280715,2.280715,2.280715,2.280715,2.3029487,2.3029487,2.3029487,2.3029487,2.0295637,2.0295637,2.0295637,2.0295637,1.9472525,1.9472525,1.9472525,1.9472525,1.5901061,1.5901061,1.5901061,1.5901061,2.2524529,2.2524529,2.2524529,2.2524529,1.7783177,1.7783177,1.7783177,1.7783177,1.7689248,1.7689248,1.7689248,1.7689248,2.4278376,2.4278376,2.4278376,2.4278376,1.8690335,1.8690335,1.8690335,1.8690335,1.5139134,1.5139134,1.5139134,1.5139134,1.2755865,1.2755865,1.2755865,1.2755865,1.5767663,1.5767663,1.5767663,1.5767663,2.4122603,2.4122603,2.4122603,2.4122603
0.6,0.6,0.6,0.6,0.8457136,0.8457136,0.8457136,0.8457136,0.8171705,0.8171705,0.8171705,0.8171705,0.6337001,0.6337001,0.6337001,0.6337001,0.6,0.6,0.6,0.6,0.6,0.6,0.6,0.6,0.6,0.6,0.6,0.6,0.6,0.6,0.6,0.6,1.7262143,1.7262143,1.7262143,1.7262143,1.5873404,1.5873404,1.5873404,1.5873404,1.1979772,1.1979772,1.1979772,1.1979772,1.7797946,1.7797946,1.7797946,1.7797946,1.6941161,1.6941161,1.6941161,1.6941161,1.446824,1.446824,1.446824,1.446824,1.8081369,1.8081369,1.8081369,1.8081369,1.8956132,1.8956132,1.8956132,1.8956132,2.280715,2.280715,2.280715,2.280715,2.3029487,2.3029487,2.3029487,2.3029487,2.0295637,2.0295637,2.0295637,2.0295637,1.9472525,1.9472525,1.9472525,1.9472525,1.5901061,1.5901061,1.5901061,1.5901061,2.2524529,2.2524529,2.2524529,2.2524529,1.7783177,1.7783177,1.7783177,1.7783177,1.7689248,1.7689248,1.7689248,1.7689248,2.4278376,2.4278376,2.4278376,2.4278376,1.8690335,1.8690335,1.8690335,1.8690335,1.5139134,1.5139134,1.5139134,1.5139134,1.2755865,1.2755865,1.2755865,1.2755865,1.5767663,1.5767663,1.5767663,1.5767663,2.4122603,2.4122603,2.4122603,2.4122603
0.6,0.6,0.6,0.6,0.8457136,0.8457136,0.8457136,0.8457136,0.8171705,0.8171705,0.8171705,0.8171705,0.6337001,0.6337001,0.6337001,0.6337001,0.6,0.6,0.6,0.6,0.6,0.6,0.6,0.6,0.6,0.6,0.6,0.6,0.6,0.6,0.6,0.6,1.7262143,1.7262143,1.7262143,1.7262143,1.5873404,1.5873404,1.5873404,1.5873404,1.1979772,1.1979772,1.1979772,1.1979772,1.7797946,1.7797946,1.7797946,1.7797946,1.6941161,1.6941161,1.6941161,1.6941161,1.446824,1.446824,1.446824,1.446824,1.8081369,1.8081369,1.8081369,1.8081369,1.8956132,1.8956132,1.8956132,1.8956132,2.280715,2.280715,2.280715,2.280715,2.3029487,2.3029487,2.3029487,2.3029487,2.0295637,2.0295637,2.0295637,2.0295637,1.9472525,1.9472525,1.9472525,1.9472525,1.5901061,1.5901061,1.5901061,1.5901061,2.2524529,2.2524529,2.2524529,2.2524529,1.7783177,1.7783177,1.7783177,1.7783177,1.7689248,1.7689248,1.7689248,1.7689248,2.4278376,2.4278376,2.4278376,2.4278376,1.8690335,1.8690335,1.8690335,1.8690335,1.5139134,1.5139134,1.5139134,1.5139134,1.2755865,1.2755865,1.2755865,1.2755865,1.5767663,1.5767663,1.5767663,1.5767663,2.4122603,2.4122603,2.4122603,2.4122603
0.6,0.6,0.6,0.6,0.8457136,0.8457136,0.8457136,0.8457136,0.8171705,0.8171705,0.8171705,0.8171705,0.6337001,0.6337001,0.6337001,0.6337001,0.6,0.6,0.6,0.6,0.6,0.6,0.6,0.6,0.6,0.6,0.6,0.6,0.6,0.6,0.6,0.6,1.7262143,1.7262143,1.7262143,1.7262143,1.5873404,1.5873404,1.5873404,1.5873404,1.1979772,1.1979772,1.1979772,1.1979772,1.7797946,1.7797946,1.7797946,1.7797946,1.6941161,1.6941161,1.6941161,1.6941161,1.446824,1.446824,1.446824,1.446824,1.8081369,1.8081369,1.8081369,1.8081369,1.8956132,1.8956132,1.8956132,1.8956132,2.280715,2.280715,2.280715,2.280715,2.3029487,2.3029487,2.3029487,2.3029487,2.0295637,2.0295637,2.0295637,2.0295637,1.9472525,1.9472525,1.9472525,1.9472525,1.5901061,1.5901061,1.5901061,1.5901061,2.2524529,2.2524529,2.2524529,2.2524529,1.7783177,1.7783177,1.7783177,1.7783177,1.7689248,1.7689248,1.7689248,1.7689248,2.4278376,2.4278376,2.4278376,2.4278376,1.8690335,1.8690335,1.8690335,1.8690335,1.5139134,1.5139134,1.5139134,1.5139134,1.2755865,1.2755865,1.2755865,1.2755865,1.5767663,1.5767663,1.5767663,1.5767663,2.4122603,2.4122603,2.4122603,2.4122603
