0.6,0.6,0.6,0.6,0.6,0.6,0.6,0.6,0.6,0.6,0.6,0.6,0.6,0.6,0.6,0.6,0.6,0.6,0.6,0.6,0.6,0.6,0.6,0.6,0.6,0.6,0.6,0.6,0.6,0.6,0.6,0.6,0.6,0.6,0.6,0.6,0.6,0.6,0.6,0.6,0.6,0.6,0.6,0.6,0.6,0.6,0.6,0.6,0.6,0.6,0.6,0.6,0.6,0.6,0.6,0.6,0.6,0.6,0.6,0.6,0.6,0.6,0.6,0.6,0.6,0.6,0.6,0.6,0.6,0.6,0.6,0.6,0.6,0.6,0.6,0.6,0.6,0.6,0.6,0.6,0.6,0.6,0.6,0.6,0.6,0.6,0.6,0.6,0.6,0.6,0.6,0.6,0.6,0.6,0.6,0.6,0.6,0.6,0.6,0.6,0.6,0.6,0.6,0.6,0.6,0.6,0.6,0.6,0.6,0.6,0.6,0.6,0.6,0.6,0.6,0.6,0.6,0.6,0.6,0.6
0.6,0.6,0.6,0.6,0.6,0.6,0.6,0.6,0.6,0.6,0.6,0.6,0.6,0.6,0.6,0.6,0.6,0.6,0.6,0.6,0.6,0.6,0.6,0.6,0.6,0.6,0.6,0.6,0.6,0.6,0.6,0.6,0.6,0.6,0.6,0.6,0.6,0.6,0.6,0.6,0.6,0.6,0.6,0.6,0.6,0.6,0.6,0.6,0.6,0.6,0.6,0.6,0.6,0.6,0.6,0.6,0.6,0.6,0.6,0.6,0.6,0.6,0.6,0.6,0.6,0.6,0.6,0.6,0.6,0.6,0.6,0.6,0.6,0.6,0.6,0.6,0.6,0.6,0.6,0.6,0.6,0.6,0.6,0.6,0.6,0.6,0.6,0.6,0.6,0.6,0.6,0.6,0.6,0.6,0.6,0.6,0.6,0.6,0.6,0.6,0.6,0.6,0.6,0.6,0.6,0.6,0.6,0.6,0.6,0.6,0.6,0.6,0.6,0.6,0.6,0.6,0.6,0.6,0.6,0.6
0.6,0.6,0.6,0.6,0.6,0.6,0.6,0.6,0.6,0.6,0.6,0.6,0.6,0.6,0.6,0.6,0.6,0.6,0.6,0.6,0.6,0.6,0.6,0.6,0.6,0.6,0.6,0.6,0.6,0.6,0.6,0.6,0.6,0.6,0.6,0.6,0.6,0.6,0.6,0.6,0.6,0.6,0.6,0.6,0.6,0.6,0.6,0.6,0.6,0.6,0.6,0.6,0.6,0.6,0.6,0.6,0.6,0.6,0.6,0.6,0.6,0.6,0.6,0.6,0.6,0.6,0.6,0.6,0.6,0.6,0.6,0.6,0.6,0.6,0.6,0.6,0.6,0.6,0.6,0.6,0.6,0.6,0.6,0.6,0.6,0.6,0.6,0.6,0.6,0.6,0.6,0.6,0.6,0.6,0.6,0.6,0.6,0.6,0.6,0.6,0.6,0.6,0.6,0.6,0.6,0.6,0.6,0.6,0.6,0.6,0.6,0.6,0.6,0.6,0.6,0.6,0.6,0.6,0.6,0.6
0.6,0.6,0.6,0.6,0.6,0.6,0.6,0.6,0.6,0.6,0.6,0.6,0.6,0.6,0.6,0.6,0.6,0.6,0.6,0.6,0.6,0.6,0.6,0.6,0.6,0.6,0.6,0.6,0.6,0.6,0.6,0.6,0.6,0.6,0.6,0.6,0.6,0.6,0.6,0.6,0.6,0.6,0.6,0.6,0.6,0.6,0.6,0.6,0.6,0.6,0.6,0.6,0.6,0.6,0.6,0.6,0.6,0.6,0.6,0.6,0.6,0.6,0.6,0.6,0.6,0.6,0.6,0.6,0.6,0.6,0.6,0.6,0.6,0.6,0.6,0.6,0.6,0.6,0.6,0.6,0.6,0.6,0.6,0.6,0.6,0.6,0.6,0.6,0.6,0.6,0.6,0.6,0.6,0.6,0.6,0.6,0.6,0.6,0.6,0.6,0.6,0.6,0.6,0.6,0.6,0.6,0.6,0.6,0.6,0.6,0.6,0.6,0.6,0.6,0.6,0.6,0.6,0.6,0.6,0.6
0.6,0.6,0.6,0.6,0.6,0.6,0.6,0.6,0.6,0.6,0.6,0.6,0.6,0.6,0.6,0.6,0.6,0.6,0.6,0.6,0.6,0.6,0.6,0.6,0.6,0.6,0.6,0.6,0.6,0.6,0.6,0.6,0.6,0.6,0.6,0.6,0.6,0.6,0.6,0.6,0.6,0.6,0.6,0.6,0.6,0.6,0.6,0.6,0.6,0.6,0.6,0.6,0.6,0.6,0.6,0.6,0.6,0.6,0.6,0.6,0.6,0.6,0.6,0.6,0.6,0.6,0.6,0.6,0.6,0.6,0.6,0.6,0.6,0.6,0.6,0.6,0.6,0.6,0.6,0.6,0.6,0.6,0.6,0.6,0.6,0.6,0.6,0.6,0.6,0.6,0.6,0.6,0.6,0.6,0.6,0.6,0.6,0.6,0.6,0.6,0.6,0.6,0.6,0.6,0.6,0.6,0.6,0.6,0.6,0.6,0.6,0.6,0.6,0.6,0.6,0.6,0.6,0.6,0.6,0.6
0.6,0.6,0.6,0.6,0.6,0.6,0.6,0.6,0.6,0.6,0.6,0.6,0.6,0.6,0.6,0.6,0.6,0.6,0.6,0.6,0.6,0.6,0.6,0.6,0.6,0.6,0.6,0.6,0.6,0.6,0.6,0.6,0.6,0.6,0.6,0.6,0.6,0.6,0.6,0.6,0.6,0.6,0.6,0.6,0.6,0.6,0.6,0.6,0.6,0.6,0.6,0.6,0.6,0.6,0.6,0.6,0.6,0.6,0.6,0.6,0.6,0.6,0.6,0.6,0.6,0.6,0.6,0.6,0.6,0.6,0.6,0.6,0.6,0.6,0.6,0.6,0.6,0.6,0.6,0.6,0.6,0.6,0.6,0.6,0.6,0.6,0.6,0.6,0.6,0.6,0.6,0.6,0.6,0.6,0.6,0.6,0.6,0.6,0.6,0.6,0.6,0.6,0.6,0.6,0.6,0.6,0.6,0.6,0.6,0.6,0.6,0.6,0.6,0.6,0.6,0.6,0.6,0.6,0.6,0.6
0.6,0.6,0.6,0.6,0.6,0.6,0.6,0.6,0.6,0.6,0.6,0.6,0.6,0.6,0.6,0.6,0.6,0.6,0.6,0.6,0.6,0.6,0.6,0.6,0.6,0.6,0.6,0.6,0.6,0.6,0.6,0.6,0.6,0.6,0.6,0.6,0.6,0.6,0.6,0.6,0.6,0.6,0.6,0.6,0.6,0.6,0.6,0.6,0.6,0.6,0.6,0.6,0.6,0.6,0.6,0.6,0.6,0.6,0.6,0.6,0.6,0.6,0.6,0.6,0.6,0.6,0.6,0.6,0.6,0.6,0.6,0.6,0.6,0.6,0.6,0.6,0.6,0.6,0.6,0.6,0.6,0.6,0.6,0.6,0.6,0.6,0.6,0.6,0.6,0.6,0.6,0.6,0.6,0.6,0.6,0.6,0.6,0.6,0.6,0.6,0.6,0.6,0.6,0.6,0.6,0.6,0.6,0.6,0.6,0.6,0.6,0.6,0.6,0.6,0.6,0.6,0.6,0.6,0.6,0.6
0.6,0.6,0.6,0.6,0.6,0.6,0.6,0.6,0.6,0.6,0.6,0.6,0.6,0.6,0.6,0.6,0.6,0.6,0.6,0.6,0.6,0.6,0.6,0.6,0.6,0.6,0.6,0.6,0.6,0.6,0.6,0.6,0.6,0.6,0.6,0.6,0.6,0.6,0.6,0.6,0.6,0.6,0.6,0.6,0.6,0.6,0.6,0.6,0.6,0.6,0.6,0.6,0.6,0.6,0.6,0.6,0.6,0.6,0.6,0.6,0.6,0.6,0.6,0.6,0.6,0.6,0.6,0.6,0.6,0.6,0.6,0.6,0.6,0.6,0.6,0.6,0.6,0.6,0.6,0.6,0.6,0.6,0.6,0.6,0.6,0.6,0.6,0.6,0.6,0.6,0.6,0.6,0.6,0.6,0.6,0.6,0.6,0.6,0.6,0.6,0.6,0.6,0.6,0.6,0.6,0.6,0.6,0.6,0.6,0.6,0.6,0.6,0.6,0.6,0.6,0.6,0.6,0.6,0.6,0.6
0.6,0.6,0.6,0.6,0.6,0.6,0.6,0.6,0.6,0.6,0.6,0.6,0.6,0.6,0.6,0.6,0.6,0.6,0.6,0.6,0.6,0.6,0.6,0.6,0.6,0.6,0.6,0.6,0.6,0.6,0.6,0.6,0.6,0.6,0.6,0.6,0.6,0.6,0.6,0.6,0.6,0.6,0.6,0.6,0.6,0.6,0.6,0.6,0.6,0.6,0.6,0.6,0.6,0.6,0.6,0.6,0.6,0.6,0.6,0.6,0.6,0.6,0.6,0.6,0.6,0.6,0.6,0.6,0.6,0.6,0.6,0.6,0.6,0.6,0.6,0.6,0.6,0.6,0.6,0.6,0.6,0.6,0.6,0.6,0.6,0.6,0.6,0.6,0.6,0.6,0.6,0.6,0.6,0.6,0.6,0.6,0.6,0.6,0.6,0.6,0.6,0.6,0.6,0.6,0.6,0.6,0.6,0.6,0.6,0.6,0.6,0.6,0.6,0.6,0.6,0.6,0.6,0.6,0.6,0.6
0.6,0.6,0.6,0.6,0.6,0.6,0.6,0.6,0.6,0.6,0.6,0.6,0.6,0.6,0.6,0.6,0.6,0.6,0.6,0.6,0.6,0.6,0.6,0.6,0.6,0.6,0.6,0.6,0.6,0.6,0.6,0.6,0.6,0.6,0.6,0.6,0.6,0.6,0.6,0.6,0.6,0.6,0.6,0.6,0.6,0.6,0.6,0.6,0.6,0.6,0.6,0.6,0.6,0.6,0.6,0.6,0.6,0.6,0.6,0.6,0.6,0.6,0.6,0.6,0.6,0.6,0.6,0.6,0.6,0.6,0.6,0.6,0.6,0.6,0.6,0.6,0.6,0.6,0.6,0.6,0.6,0.6,0.6,0.6,0.6,0.6,0.6,0.6,0.6,0.6,0.6,0.6,0.6,0.6,0.6,0.6,0.6,0.6,0.6,0.6,0.6,0.6,0.6,0.6,0.6,0.6,0.6,0.6,0.6,0.6,0.6,0.6,0.6,0.6,0.6,0.6,0.6,0.6,0.6,0.6
0.6,0.6,0.6,0.6,0.6,0.6,0.6,0.6,0.6,0.6,0.6,0.6,0.6,0.6,0.6,0.6,0.6,0.6,0.6,0.6,0.6,0.6,0.6,0.6,0.6,0.6,0.6,0.6,0.6,0.6,0.6,0.6,0.6,0.6,0.6,0.6,0.6,0.6,0.6,0.6,0.6,0.6,0.6,0.6,0.6,0.6,0.6,0.6,0.6,0.6,0.6,0.6,0.6,0.6,0.6,0.6,0.6,0.6,0.6,0.6,0.6,0.6,0.6,0.6,0.6,0.6,0.6,0.6,0.6,0.6,0.6,0.6,0.6,0.6,0.6,0.6,0.6,0.6,0.6,0.6,0.6,0.6,0.6,0.6,0.6,0.6,0.6,0.6,0.6,0.6,0.6,0.6,0.6,0.6,0.6,0.6,0.6,0.6,0.6,0.6,0.6,0.6,0.6,0.6,0.6,0.6,0.6,0.6,0.6,0.6,0.6,0.6,0.6,0.6,0.6,0.6,0.6,0.6,0.6,0.6
0.6,0.6,0.6,0.6,0.6,0.6,0.6,0.6,0.6,0.6,0.6,0.6,0.6,0.6,0.6,0.6,0.6,0.6,0.6,0.6,0.6,0.6,0.6,0.6,0.6,0.6,0.6,0.6,0.6,0.6,0.6,0.6,0.6,0.6,0.6,0.6,0.6,0.6,0.6,0.6,0.6,0.6,0.6,0.6,0.6,0.6,0.6,0.6,0.6,0.6,0.6,0.6,0.6,0.6,0.6,0.6,0.6,0.6,0.6,0.6,0.6,0.6,0.6,0.6,0.6,0.6,0.6,0.6,0.6,0.6,0.6,0.6,0.6,0.6,0.6,0.6,0.6,0.6,0.6,0.6,0.6,0.6,0.6,0.6,0.6,0.6,0.6,0.6,0.6,0.6,0.6,0.6,0.6,0.6,0.6,0.6,0.6,0.6,0.6,0.6,0.6,0.6,0.6,0.6,0.6,0.6,0.6,0.6,0.6,0.6,0.6,0.6,0.6,0.6,0.6,0.6,0.6,0.6,0.6,0.6
0.6,0.6,0.6,0.6,0.6,0.6,0.6,0.6,0.6,0.6,0.6,0.6,0.6,0.6,0.6,0.6,0.6,0.6,0.6,0.6,0.6,0.6,0.6,0.6,0.6,0.6,0.6,0.6,0.6,0.6,0.6,0.6,0.6,0.6,0.6,0.6,0.6,0.6,0.6,0.6,0.6,0.6,0.6,0.6,0.6,0.6,0.6,0.6,0.6,0.6,0.6,0.6,0.6,0.6,0.6,0.6,0.6,0.6,0.6,0.6,0.6,0.6,0.6,0.6,0.6,0.6,0.6,0.6,0.6,0.6,0.6,0.6,0.6,0.6,0.6,0.6,0.6,0.6,0.6,0.6,0.6,0.6,0.6,0.6,0.6,0.6,0.6,0.6,0.6,0.6,0.6,0.6,0.6,0.6,0.6,0.6,0.6,0.6,0.6,0.6,0.6,0.6,0.6,0.6,0.6,0.6,0.6,0.6,0.6,0.6,0.6,0.6,0.6,0.6,0.6,0.6,0.6,0.6,0.6,0.6
0.6,0.6,0.6,0.6,0.6,0.6,0.6,0.6,0.6,0.6,0.6,0.6,0.6,0.6,0.6,0.6,0.6,0.6,0.6,0.6,0.6,0.6,0.6,0.6,0.6,0.6,0.6,0.6,0.6,0.6,0.6,0.6,0.6,0.6,0.6,0.6,0.6,0.6,0.6,0.6,0.6,0.6,0.6,0.6,0.6,0.6,0.6,0.6,0.6,0.6,0.6,0.6,0.6,0.6,0.6,0.6,0.6,0.6,0.6,0.6,0.6,0.6,0.6,0.6,0.6,0.6,0.6,0.6,0.6,0.6,0.6,0.6,0.6,0.6,0.6,0.6,0.6,0.6,0.6,0.6,0.6,0.6,0.6,0.6,0.6,0.6,0.6,0.6,0.6,0.6,0.6,0.6,0.6,0.6,0.6,0.6,0.6,0.6,0.6,0.6,0.6,0.6,0.6,0.6,0.6,0.6,0.6,0.6,0.6,0.6,0.6,0.6,0.6,0.6,0.6,0.6,0.6,0.6,0.6,0.6
0.6,0.6,0.6,0.6,0.6,0.6,0.6,0.6,0.6,0.6,0.6,0.6,0.6,0.6,0.6,0.6,0.6,0.6,0.6,0.6,0.6,0.6,0.6,0.6,0.6,0.6,0.6,0.6,0.6,0.6,0.6,0.6,0.6,0.6,0.6,0.6,0.6,0.6,0.6,0.6,0.6,0.6,0.6,0.6,0.6,0.6,0.6,0.6,0.6,0.6,0.6,0.6,0.6,0.6,0.6,0.6,0.6,0.6,0.6,0.6,0.6,0.6,0.6,0.6,0.6,0.6,0.6,0.6,0.6,0.6,0.6,0.6,0.6,0.6,0.6,0.6,0.6,0.6,0.6,0.6,0.6,0.6,0.6,0.6,0.6,0.6,0.6,0.6,0.6,0.6,0.6,0.6,0.6,0.6,0.6,0.6,0.6,0.6,0.6,0.6,0.6,0.6,0.6,0.6,0.6,0.6,0.6,0.6,0.6,0.6,0.6,0.6,0.6,0.6,0.6,0.6,0.6,0.6,0.6,0.6
0.6,0.6,0.6,0.6,0.6,0.6,0.6,0.6,0.6,0.6,0.6,0.6,0.6,0.6,0.6,0.6,0.6,0.6,0.6,0.6,0.6,0.6,0.6,0.6,0.6,0.6,0.6,0.6,0.6,0.6,0.6,0.6,0.6,0.6,0.6,0.6,0.6,0.6,0.6,0.6,0.6,0.6,0.6,0.6,0.6,0.6,0.6,0.6,0.6,0.6,0.6,0.6,0.6,0.6,0.6,0.6,0.6,0.6,0.6,0.6,0.6,0.6,0.6,0.6,0.6,0.6,0.6,0.6,0.6,0.6,0.6,0.6,0.6,0.6,0.6,0.6,0.6,0.6,0.6,0.6,0.6,0.6,0.6,0.6,0.6,0.6,0.6,0.6,0.6,0.6,0.6,0.6,0.6,0.6,0.6,0.6,0.6,0.6,0.6,0.6,0.6,0.6,0.6,0.6,0.6,0.6,0.6,0.6,0.6,0.6,0.6,0.6,0.6,0.6,0.6,0.6,0.6,0.6,0.6,0.6
0.6,0.6,0.6,0.6,0.6,0.6,0.6,0.6,0.6,0.6,0.6,0.6,0.6,0.6,0.6,0.6,0.6,0.6,0.6,0.6,0.6,0.6,0.6,0.6,0.6,0.6,0.6,0.6,0.6,0.6,0.6,0.6,0.6,0.6,0.6,0.6,0.6,0.6,0.6,0.6,0.6,0.6,0.6,0.6,0.6,0.6,0.6,0.6,0.6,0.6,0.6,0.6,0.6,0.6,0.6,0.6,0.6,0.6,0.6,0.6,0.9164206,0.9164206,0.9164206,0.9164206,0.6,0.6,0.6,0.6,0.6,0.6,0.6,0.6,0.6,0.6,0.6,0.6,0.6,0.6,0.6,0.6,0.6,0.6,0.6,0.6,0.6,0.6,0.6,0.6,0.6,0.6,0.6,0.6,0.6,0.6,0.6,0.6,0.6,0.6,0.6,0.6,0.6,0.6,0.6,0.6,0.6,0.6,0.6,0.6,0.6,0.6,0.6,0.6,0.6,0.6,0.6,0.6,0.6,0.6,0.6,0.6
0.6,0.6,0.6,0.6,0.6,0.6,0.6,0.6,0.6,0.6,0.6,0.6,0.6,0.6,0.6,0.6,0.6,0.6,0.6,0.6,0.6,0.6,0.6,0.6,0.6,0.6,0.6,0.6,0.6,0.6,0.6,0.6,0.6,0.6,0.6,0.6,0.6,0.6,0.6,0.6,0.6,0.6,0.6,0.6,0.6,0.6,0.6,0.6,0.6,0.6,0.6,0.6,0.6,0.6,0.6,0.6,0.6,0.6,0.6,0.6,0.9164206,0.9164206,0.9164206,0.9164206,0.6,0.6,0.6,0.6,0.6,0.6,0.6,0.6,0.6,0.6,0.6,0.6,0.6,0.6,0.6,0.6,0.6,0.6,0.6,0.6,0.6,0.6,0.6,0.6,0.6,0.6,0.6,0.6,0.6,0.6,0.6,0.6,0.6,0.6,0.6,0.6,0.6,0.6,0.6,0.6,0.6,0.6,0.6,0.6,0.6,0.6,0.6,0.6,0.6,0.6,0.6,0.6,0.6,0.6,0.6,0.6
0.6,0.6,0.6,0.6,0.6,0.6,0.6,0.6,0.6,0.6,0.6,0.6,0.6,0.6,0.6,0.6,0.6,0.6,0.6,0.6,0.6,0.6,0.6,0.6,0.6,0.6,0.6,0.6,0.6,0.6,0.6,0.6,0.6,0.6,0.6,0.6,0.6,0.6,0.6,0.6,0.6,0.6,0.6,0.6,0.6,0.6,0.6,0.6,0.6,0.6,0.6,0.6,0.6,0.6,0.6,0.6,0.6,0.6,0.6,0.6,0.9164206,0.9164206,0.9164206,0.9164206,0.6,0.6,0.6,0.6,0.6,0.6,0.6,0.6,0.6,0.6,0.6,0.6,0.6,0.6,0.6,0.6,0.6,0.6,0.6,0.6,0.6,0.6,0.6,0.6,0.6,0.6,0.6,0.6,0.6,0.6,0.6,0.6,0.6,0.6,0.6,0.6,0.6,0.6,0.6,0.6,0.6,0.6,0.6,0.6,0.6,0.6,0.6,0.6,0.6,0.6,0.6,0.6,0.6,0.6,0.6,0.6
0.6,0.6,0.6,0.6,0.6,0.6,0.6,0.6,0.6,0.6,0.6,0.6,0.6,0.6,0.6,0.6,0.6,0.6,0.6,0.6,0.6,0.6,0.6,0.6,0.6,0.6,0.6,0.6,0.6,0.6,0.6,0.6,0.6,0.6,0.6,0.6,0.6,0.6,0.6,0.6,0.6,0.6,0.6,0.6,0.6,0.6,0.6,0.6,0.6,0.6,0.6,0.6,0.6,0.6,0.6,0.6,0.6,0.6,0.6,0.6,0.9164206,0.9164206,0.9164206,0.9164206,0.6,0.6,0.6,0.6,0.6,0.6,0.6,0.6,0.6,0.6,0.6,0.6,0.6,0.6,0.6,0.6,0.6,0.6,0.6,0.6,0.6,0.6,0.6,0.6,0.6,0.6,0.6,0.6,0.6,0.6,0.6,0.6,0.6,0.6,0.6,0.6,0.6,0.6,0.6,0.6,0.6,0.6,0.6,0.6,0.6,0.6,0.6,0.6,0.6,0.6,0.6,0.6,0.6,0.6,0.6,0.6
0.6,0.6,0.6,0.6,0.6,0.6,0.6,0.6,0.6,0.6,0.6,0.6,0.6,0.6,0.6,0.6,0.6,0.6,0.6,0.6,0.6,0.6,0.6,0.6,0.6,0.6,0.6,0.6,0.6,0.6,0.6,0.6,0.6,0.6,0.6,0.6,0.6,0.6,0.6,0.6,0.6,0.6,0.6,0.6,0.6,0.6,0.6,0.6,0.6,0.6,0.6,0.6,0.6,0.6,0.6,0.6,0.6,0.6,0.6,0.6,1.4412582,1.4412582,1.4412582,1.4412582,0.6,0.6,0.6,0.6,0.6,0.6,0.6,0.6,0.6,0.6,0.6,0.6,0.6,0.6,0.6,0.6,0.6,0.6,0.6,0.6,0.6,0.6,0.6,0.6,0.6,0.6,0.6,0.6,0.6,0.6,0.6,0.6,0.6,0.6,0.6,0.6,0.6,0.6,0.6,0.6,0.6,0.6,0.6,0.6,0.6,0.6,0.6,0.6,0.6,0.6,0.6,0.6,0.6,0.6,0.6,0.6
0.6,0.6,0.6,0.6,0.6,0.6,0.6,0.6,0.6,0.6,0.6,0.6,0.6,0.6,0.6,0.6,0.6,0.6,0.6,0.6,0.6,0.6,0.6,0.6,0.6,0.6,0.6,0.6,0.6,0.6,0.6,0.6,0.6,0.6,0.6,0.6,0.6,0.6,0.6,0.6,0.6,0.6,0.6,0.6,0.6,0.6,0.6,0.6,0.6,0.6,0.6,0.6,0.6,0.6,0.6,0.6,0.6,0.6,0.6,0.6,1.4412582,1.4412582,1.4412582,1.4412582,0.6,0.6,0.6,0.6,0.6,0.6,0.6,0.6,0.6,0.6,0.6,0.6,0.6,0.6,0.6,0.6,0.6,0.6,0.6,0.6,0.6,0.6,0.6,0.6,0.6,0.6,0.6,0.6,0.6,0.6,0.6,0.6,0.6,0.6,0.6,0.6,0.6,0.6,0.6,0.6,0.6,0.6,0.6,0.6,0.6,0.6,0.6,0.6,0.6,0.6,0.6,0.6,0.6,0.6,0.6,0.6
0.6,0.6,0.6,0.6,0.6,0.6,0.6,0.6,0.6,0.6,0.6,0.6,0.6,0.6,0.6,0.6,0.6,0.6,0.6,0.6,0.6,0.6,0.6,0.6,0.6,0.6,0.6,0.6,0.6,0.6,0.6,0.6,0.6,0.6,0.6,0.6,0.6,0.6,0.6,0.6,0.6,0.6,0.6,0.6,0.6,0.6,0.6,0.6,0.6,0.6,0.6,0.6,0.6,0.6,0.6,0.6,0.6,0.6,0.6,0.6,1.4412582,1.4412582,1.4412582,1.4412582,0.6,0.6,0.6,0.6,0.6,0.6,0.6,0.6,0.6,0.6,0.6,0.6,0.6,0.6,0.6,0.6,0.6,0.6,0.6,0.6,0.6,0.6,0.6,0.6,0.6,0.6,0.6,0.6,0.6,0.6,0.6,0.6,0.6,0.6,0.6,0.6,0.6,0.6,0.6,0.6,0.6,0.6,0.6,0.6,0.6,0.6,0.6,0.6,0.6,0.6,0.6,0.6,0.6,0.6,0.6,0.6
0.6,0.6,0.6,0.6,0.6,0.6,0.6,0.6,0.6,0.6,0.6,0.6,0.6,0.6,0.6,0.6,0.6,0.6,0.6,0.6,0.6,0.6,0.6,0.6,0.6,0.6,0.6,0.6,0.6,0.6,0.6,0.6,0.6,0.6,0.6,0.6,0.6,0.6,0.6,0.6,0.6,0.6,0.6,0.6,0.6,0.6,0.6,0.6,0.6,0.6,0.6,0.6,0.6,0.6,0.6,0.6,0.6,0.6,0.6,0.6,1.4412582,1.4412582,1.4412582,1.4412582,0.6,0.6,0.6,0.6,0.6,0.6,0.6,0.6,0.6,0.6,0.6,0.6,0.6,0.6,0.6,0.6,0.6,0.6,0.6,0.6,0.6,0.6,0.6,0.6,0.6,0.6,0.6,0.6,0.6,0.6,0.6,0.6,0.6,0.6,0.6,0.6,0.6,0.6,0.6,0.6,0.6,0.6,0.6,0.6,0.6,0.6,0.6,0.6,0.6,0.6,0.6,0.6,0.6,0.6,0.6,0.6
0.6,0.6,0.6,0.6,0.6,0.6,0.6,0.6,0.67434525,0.67434525,0.67434525,0.67434525,0.8528703,0.8528703,0.8528703,0.8528703,0.6,0.6,0.6,0.6,0.6,0.6,0.6,0.6,0.6,0.6,0.6,0.6,0.6,0.6,0.6,0.6,0.6,0.6,0.6,0.6,0.66719526,0.66719526,0.66719526,0.66719526,0.8738964,0.8738964,0.8738964,0.8738964,0.6,0.6,0.6,0.6,1.0702957,1.0702957,1.0702957,1.0702957,1.213851,1.213851,1.213851,1.213851,0.9562542,0.9562542,0.9562542,0.9562542,1.2690179,1.2690179,1.2690179,1.2690179,0.6,0.6,0.6,0.6,0.84633976,0.84633976,0.84633976,0.84633976,0.6,0.6,0.6,0.6,0.6,0.6,0.6,0.6,0.6,0.6,0.6,0.6,0.6,0.6,0.6,0.6,0.6,0.6,0.6,0.6,0.6,0.6,0.6,0.6,0.6,0.6,0.6,0.6,0.6,0.6,0.6,0.6,0.6,0.6,0.6,0.6,0.6,0.6,0.6,0.6,0.6,0.6,0.6,0.6,0.6,0.6,0.6,0.6
0.6,0.6,0.6,0.6,0.6,0.6,0.6,0.6,0.67434525,0.67434525,0.67434525,0.67434525,0.8528703,0.8528703,0.8528703,0.8528703,0.6,0.6,0.6,0.6,0.6,0.6,0.6,0.6,0.6,0.6,0.6,0.6,0.6,0.6,0.6,0.6,0.6,0.6,0.6,0.6,0.66719526,0.66719526,0.66719526,0.66719526,0.8738964,0.8738964,0.8738964,0.8738964,0.6,0.6,0.6,0.6,1.0702957,1.0702957,1.0702957,1.0702957,1.213851,1.213851,1.213851,1.213851,0.9562542,0.9562542,0.9562542,0.9562542,1.2690179,1.2690179,1.2690179,1.2690179,0.6,0.6,0.6,0.6,0.84633976,0.84633976,0.84633976,0.84633976,0.6,0.6,0.6,0.6,0.6,0.6,0.6,0.6,0.6,0.6,0.6,0.6,0.6,0.6,0.6,0.6,0.6,0.6,0.6,0.6,0.6,0.6,0.6,0.6,0.6,0.6,0.6,0.6,0.6,0.6,0.6,0.6,0.6,0.6,0.6,0.6,0.6,0.6,0.6,0.6,0.6,0.6,0.6,0.6,0.6,0.6,0.6,0.6
0.6,0.6,0.6,0.6,0.6,0.6,0.6,0.6,0.67434525,0.67434525,0.67434525,0.67434525,0.8528703,0.8528703,0.8528703,0.8528703,0.6,0.6,0.6,0.6,0.6,0.6,0.6,0.6,0.6,0.6,0.6,0.6,0.6,0.6,0.6,0.6,0.6,0.6,0.6,0.6,0.66719526,0.66719526,0.66719526,0.66719526,0.8738964,0.8738964,0.8738964,0.8738964,0.6,0.6,0.6,0.6,1.0702957,1.0702957,1.0702957,1.0702957,1.213851,1.213851,1.213851,1.213851,0.9562542,0.9562542,0.9562542,0.9562542,1.2690179,1.2690179,1.2690179,1.2690179,0.6,0.6,0.6,0.6,0.84633976,0.84633976,0.84633976,0.84633976,0.6,0.6,0.6,0.6,0.6,0.6,0.6,0.6,0.6,0.6,0.6,0.6,0.6,0.6,0.6,0.6,0.6,0.6,0.6,0.6,0.6,0.6,0.6,0.6,0.6,0.6,0.6,0.6,0.6,0.6,0.6,0.6,0.6,0.6,0.6,0.6,0.6,0.6,0.6,0.6,0.6,0.6,0.6,0.6,0.6,0.6,0.6,0.6
0.6,0.6,0.6,0.6,0.6,0.6,0.6,0.6,0.67434525,0.67434525,0.67434525,0.67434525,0.8528703,0.8528703,0.8528703,0.8528703,0.6,0.6,0.6,0.6,0.6,0.6,0.6,0.6,0.6,0.6,0.6,0.6,0.6,0.6,0.6,0.6,0.6,0.6,0.6,0.6,0.66719526,0.66719526,0.66719526,0.66719526,0.8738964,0.8738964,0.8738964,0.8738964,0.6,0.6,0.6,0.6,1.0702957,1.0702957,1.0702957,1.0702957,1.213851,1.213851,1.213851,1.213851,0.9562542,0.9562542,0.9562542,0.9562542,1.2690179,1.2690179,1.2690179,1.2690179,0.6,0.6,0.6,0.6,0.84633976,0.84633976,0.84633976,0.84633976,0.6,0.6,0.6,0.6,0.6,0.6,0.6,0.6,0.6,0.6,0.6,0.6,0.6,0.6,0.6,0.6,0.6,0.6,0.6,0.6,0.6,0.6,0.6,0.6,0.6,0.6,0.6,0.6,0.6,0.6,0.6,0.6,0.6,0.6,0.6,0.6,0.6,0.6,0.6,0.6,0.6,0.6,0.6,0.6,0.6,0.6,0.6,0.6
1.2774091,1.2774091,1.2774091,1.2774091,1.5001465,1.5001465,1.5001465,1.5001465,1.3836871,1.3836871,1.3836871,1.3836871,1.3183727,1.3183727,1.3183727,1.3183727,1.8063039,1.8063039,1.8063039,1.8063039,1.6579964,1.6579964,1.6579964,1.6579964,1.9847046,1.9847046,1.9847046,1.9847046,1.4531511,1.4531511,1.4531511,1.4531511,1.7928619,1.7928619,1.7928619,1.7928619,1.9592963,1.9592963,1.9592963,1.9592963,1.3370086,1.3370086,1.3370086,1.3370086,1.6132233,1.6132233,1.6132233,1.6132233,2.1189823,2.1189823,2.1189823,2.1189823,2.222383,2.222383,2.222383,2.222383,2.1245713,2.1245713,2.1245713,2.1245713,2.7056653,2.7056653,2.7056653,2.7056653,2.5001476,2.5001476,2.5001476,2.5001476,1.938606,1.938606,1.938606,1.938606,1.7753472,1.7753472,1.7753472,1.7753472,1.4829239,1.4829239,1.4829239,1.4829239,1.5729598,1.5729598,1.5729598,1.5729598,1.6555592,1.6555592,1.6555592,1.6555592,1.4266315,1.4266315,1.4266315,1.4266315,1.4728522,1.4728522,1.4728522,1.4728522,1.1237304,1.1237304,1.1237304,1.1237304,1.192754,1.192754,1.192754,1.192754,1.151845,1.151845,1.151845,1.151845,1.0894508,1.0894508,1.0894508,1.0894508,0.9215178,0.9215178,0.9215178,0.9215178,1.0154873,1.0154873,1.0154873,1.0154873
1.2774091,1.2774091,1.2774091,1.2774091,1.5001465,1.5001465,1.5001465,1.5001465,1.3836871,1.3836871,1.3836871,1.3836871,1.3183727,1.3183727,1.3183727,1.3183727,1.8063039,1.8063039,1.8063039,1.8063039,1.6579964,1.6579964,1.6579964,1.6579964,1.9847046,1.9847046,1.9847046,1.9847046,1.4531511,1.4531511,1.4531511,1.4531511,1.7928619,1.7928619,1.7928619,1.7928619,1.9592963,1.9592963,1.9592963,1.9592963,1.3370086,1.3370086,1.3370086,1.3370086,1.6132233,1.6132233,1.6132233,1.6132233,2.1189823,2.1189823,2.1189823,2.1189823,2.222383,2.222383,2.222383,2.222383,2.1245713,2.1245713,2.1245713,2.1245713,2.7056653,2.7056653,2.7056653,2.7056653,2.5001476,2.5001476,2.5001476,2.5001476,1.938606,1.938606,1.938606,1.938606,1.7753472,1.7753472,1.7753472,1.7753472,1.4829239,1.4829239,1.4829239,1.4829239,1.5729598,1.5729598,1.5729598,1.5729598,1.6555592,1.6555592,1.6555592,1.6555592,1.4266315,1.4266315,1.4266315,1.4266315,1.4728522,1.4728522,1.4728522,1.4728522,1.1237304,1.1237304,1.1237304,1.1237304,1.192754,1.192754,1.192754,1.192754,1.151845,1.151845,1.151845,1.151845,1.0894508,1.0894508,1.0894508,1.0894508,0.9215178,0.9215178,0.9215178,0.9215178,1.0154873,1.0154873,1.0154873,1.0154873
1.2774091,1.2774091,1.2774091,1.2774091,1.5001465,1.5001465,1.5001465,1.5001465,1.3836871,1.3836871,1.3836871,1.3836871,1.3183727,1.3183727,1.3183727,1.3183727,1.8063039,1.8063039,1.8063039,1.8063039,1.6579964,1.6579964,1.6579964,1.6579964,1.9847046,1.9847046,1.9847046,1.9847046,1.4531511,1.4531511,1.4531511,1.4531511,1.7928619,1.7928619,1.7928619,1.7928619,1.9592963,1.9592963,1.9592963,1.9592963,1.3370086,1.3370086,1.3370086,1.3370086,1.6132233,1.6132233,1.6132233,1.6132233,2.1189823,2.1189823,2.1189823,2.1189823,2.222383,2.222383,2.222383,2.222383,2.1245713,2.1245713,2.1245713,2.1245713,2.7056653,2.7056653,2.7056653,2.7056653,2.5001476,2.5001476,2.5001476,2.5001476,1.938606,1.938606,1.938606,1.938606,1.7753472,1.7753472,1.7753472,1.7753472,1.4829239,1.4829239,1.4829239,1.4829239,1.5729598,1.5729598,1.5729598,1.5729598,1.6555592,1.6555592,1.6555592,1.6555592,1.4266315,1.4266315,1.4266315,1.4266315,1.4728522,1.4728522,1.4728522,1.4728522,1.1237304,1.1237304,1.1237304,1.1237304,1.192754,1.192754,1.192754,1.192754,1.151845,1.151845,1.151845,1.151845,1.0894508,1.0894508,1.0894508,1.0894508,0.9215178,0.9215178,0.9215178,0.9215178,1.0154873,1.0154873,1.0154873,1.0154873
1.2774091,1.2774091,1.2774091,1.2774091,1.5001465,1.5001465,1.5001465,1.5001465,1.3836871,1.3836871,1.3836871,1.3836871,1.3183727,1.3183727,1.3183727,1.3183727,1.8063039,1.8063039,1.8063039,1.8063039,1.6579964,1.6579964,1.6579964,1.6579964,1.9847046,1.9847046,1.9847046,1.9847046,1.4531511,1.4531511,1.4531511,1.4531511,1.7928619,1.7928619,1.7928619,1.7928619,1.9592963,1.9592963,1.9592963,1.9592963,1.3370086,1.3370086,1.3370086,1.3370086,1.6132233,1.6132233,1.6132233,1.6132233,2.1189823,2.1189823,2.1189823,2.1189823,2.222383,2.222383,2.222383,2.222383,2.1245713,2.1245713,2.1245713,2.1245713,2.7056653,2.7056653,2.7056653,2.7056653,2.5001476,2.5001476,2.5001476,2.5001476,1.938606,1.938606,1.938606,1.938606,1.7753472,1.7753472,1.7753472,1.7753472,1.4829239,1.4829239,1.4829239,1.4829239,1.5729598,1.5729598,1.5729598,1.5729598,1.6555592,1.6555592,1.6555592,1.6555592,1.4266315,1.4266315,1.4266315,1.4266315,1.4728522,1.4728522,1.4728522,1.4728522,1.1237304,1.1237304,1.1237304,1.1237304,1.192754,1.192754,1.192754,1.192754,1.151845,1.151845,1.151845,1.151845,1.0894508,1.0894508,1.0894508,1.0894508,0.9215178,0.9215178,0.9215178,0.9215178,1.0154873,1.0154873,1.0154873,1.0154873
1.486606,1.486606,1.486606,1.486606,1.6310196,1.6310196,1.6310196,1.6310196,1.5140046,1.5140046,1.5140046,1.5140046,1.5297066,1.5297066,1.5297066,1.5297066,1.6842444,1.6842444,1.6842444,1.6842444,1.9942585,1.9942585,1.9942585,1.9942585,2.0161426,2.0161426,2.0161426,2.0161426,2.259125,2.259125,2.259125,2.259125,2.438358,2.438358,2.438358,2.438358,2.2410023,2.2410023,2.2410023,2.2410023,2.591518,2.591518,2.591518,2.591518,2.85128,2.85128,2.85128,2.85128,2.1850746,2.1850746,2.1850746,2.1850746,2.5986924,2.5986924,2.5986924,2.5986924,2.8155015,2.8155015,2.8155015,2.8155015,3.0,3.0,3.0,3.0,3.0,3.0,3.0,3.0,2.3106406,2.3106406,2.3106406,2.3106406,2.3294184,2.3294184,2.3294184,2.3294184,2.1955972,2.1955972,2.1955972,2.1955972,2.1463926,2.1463926,2.1463926,2.1463926,2.3266056,2.3266056,2.3266056,2.3266056,2.148456,2.148456,2.148456,2.148456,2.1575253,2.1575253,2.1575253,2.1575253,2.1821508,2.1821508,2.1821508,2.1821508,1.6208298,1.6208298,1.6208298,1.6208298,1.6282632,1.6282632,1.6282632,1.6282632,1.7798014,1.7798014,1.7798014,1.7798014,1.9522024,1.9522024,1.9522024,1.9522024,1.7426957,1.7426957,1.7426957,1.7426957
1.486606,1.486606,1.486606,1.486606,1.6310196,1.6310196,1.6310196,1.6310196,1.5140046,1.5140046,1.5140046,1.5140046,1.5297066,1.5297066,1.5297066,1.5297066,1.6842444,1.6842444,1.6842444,1.6842444,1.9942585,1.9942585,1.9942585,1.9942585,2.0161426,2.0161426,2.0161426,2.0161426,2.259125,2.259125,2.259125,2.259125,2.438358,2.438358,2.438358,2.438358,2.2410023,2.2410023,2.2410023,2.2410023,2.591518,2.591518,2.591518,2.591518,2.85128,2.85128,2.85128,2.85128,2.1850746,2.1850746,2.1850746,2.1850746,2.5986924,2.5986924,2.5986924,2.5986924,2.8155015,2.8155015,2.8155015,2.8155015,3.0,3.0,3.0,3.0,3.0,3.0,3.0,3.0,2.3106406,2.3106406,2.3106406,2.3106406,2.3294184,2.3294184,2.3294184,2.3294184,2.1955972,2.1955972,2.1955972,2.1955972,2.1463926,2.1463926,2.1463926,2.1463926,2.3266056,2.3266056,2.3266056,2.3266056,2.148456,2.148456,2.148456,2.148456,2.1575253,2.1575253,2.1575253,2.1575253,2.1821508,2.1821508,2.1821508,2.1821508,1.6208298,1.6208298,1.6208298,1.6208298,1.6282632,1.6282632,1.6282632,1.6282632,1.7798014,1.7798014,1.7798014,1.7798014,1.9522024,1.9522024,1.9522024,1.9522024,1.7426957,1.7426957,1.7426957,1.7426957
1.486606,1.486606,1.486606,1.486606,1.6310196,1.6310196,1.6310196,1.6310196,1.5140046,1.5140046,1.5140046,1.5140046,1.5297066,1.5297066,1.5297066,1.5297066,1.6842444,1.6842444,1.6842444,1.6842444,1.9942585,1.9942585,1.9942585,1.9942585,2.0161426,2.0161426,2.0161426,2.0161426,2.259125,2.259125,2.259125,2.259125,2.438358,2.438358,2.438358,2.438358,2.2410023,2.2410023,2.2410023,2.2410023,2.591518,2.591518,2.591518,2.591518,2.85128,2.85128,2.85128,2.85128,2.1850746,2.1850746,2.1850746,2.1850746,2.5986924,2.5986924,2.5986924,2.5986924,2.8155015,2.8155015,2.8155015,2.8155015,3.0,3.0,3.0,3.0,3.0,3.0,3.0,3.0,2.3106406,2.3106406,2.3106406,2.3106406,2.3294184,2.3294184,2.3294184,2.3294184,2.1955972,2.1955972,2.1955972,2.1955972,2.1463926,2.1463926,2.1463926,2.1463926,2.3266056,2.3266056,2.3266056,2.3266056,2.148456,2.148456,2.148456,2.148456,2.1575253,2.1575253,2.1575253,2.1575253,2.1821508,2.1821508,2.1821508,2.1821508,1.6208298,1.6208298,1.6208298,1.6208298,1.6282632,1.6282632,1.6282632,1.6282632,1.7798014,1.7798014,1.7798014,1.7798014,1.9522024,1.9522024,1.9522024,1.9522024,1.7426957,1.7426957,1.7426957,1.7426957
1.486606,1.486606,1.486606,1.486606,1.6310196,1.6310196,1.6310196,1.6310196,1.5140046,1.5140046,1.5140046,1.5140046,1.5297066,1.5297066,1.5297066,1.5297066,1.6842444,1.6842444,1.6842444,1.6842444,1.9942585,1.9942585,1.9942585,1.9942585,2.0161426,2.0161426,2.0161426,2.0161426,2.259125,2.259125,2.259125,2.259125,2.438358,2.438358,2.438358,2.438358,2.2410023,2.2410023,2.2410023,2.2410023,2.591518,2.591518,2.591518,2.591518,2.85128,2.85128,2.85128,2.85128,2.1850746,2.1850746,2.1850746,2.1850746,2.5986924,2.5986924,2.5986924,2.5986924,2.8155015,2.8155015,2.8155015,2.8155015,3.0,3.0,3.0,3.0,3.0,3.0,3.0,3.0,2.3106406,2.3106406,2.3106406,2.3106406,2.3294184,2.3294184,2.3294184,2.3294184,2.1955972,2.1955972,2.1955972,2.1955972,2.1463926,2.1463926,2.1463926,2.1463926,2.3266056,2.3266056,2.3266056,2.3266056,2.148456,2.148456,2.148456,2.148456,2.1575253,2.1575253,2.1575253,2.1575253,2.1821508,2.1821508,2.1821508,2.1821508,1.6208298,1.6208298,1.6208298,1.6208298,1.6282632,1.6282632,1.6282632,1.6282632,1.7798014,1.7798014,1.7798014,1.7798014,1.9522024,1.9522024,1.9522024,1.9522024,1.7426957,1.7426957,1.7426957,1.7426957
1.8114871,1.8114871,1.8114871,1.8114871,1.6397144,1.6397144,1.6397144,1.6397144,1.6207124,1.6207124,1.6207124,1.6207124,2.0596519,2.0596519,2.0596519,2.0596519,2.022898,2.022898,2.022898,2.022898,2.2608569,2.2608569,2.2608569,2.2608569,2.435331,2.435331,2.435331,2.435331,2.1782336,2.1782336,2.1782336,2.1782336,2.3159287,2.3159287,2.3159287,2.3159287,2.341919,2.341919,2.341919,2.341919,2.354234,2.354234,2.354234,2.354234,2.149944,2.149944,2.149944,2.149944,2.69609,2.69609,2.69609,2.69609,2.3593113,2.3593113,2.3593113,2.3593113,2.986761,2.986761,2.986761,2.986761,2.9012315,2.9012315,2.9012315,2.9012315,2.9564917,2.9564917,2.9564917,2.9564917,3.0,3.0,3.0,3.0,3.0,3.0,3.0,3.0,3.0,3.0,3.0,3.0,2.5791295,2.5791295,2.5791295,2.5791295,2.4731252,2.4731252,2.4731252,2.4731252,2.7658293,2.7658293,2.7658293,2.7658293,2.4287083,2.4287083,2.4287083,2.4287083,2.4335713,2.4335713,2.4335713,2.4335713,2.478952,2.478952,2.478952,2.478952,2.3934982,2.3934982,2.3934982,2.3934982,2.1517603,2.1517603,2.1517603,2.1517603,1.92959,1.92959,1.92959,1.92959,1.9052446,1.9052446,1.9052446,1.9052446
1.8114871,1.8114871,1.8114871,1.8114871,1.6397144,1.6397144,1.6397144,1.6397144,1.6207124,1.6207124,1.6207124,1.6207124,2.0596519,2.0596519,2.0596519,2.0596519,2.022898,2.022898,2.022898,2.022898,2.2608569,2.2608569,2.2608569,2.2608569,2.435331,2.435331,2.435331,2.435331,2.1782336,2.1782336,2.1782336,2.1782336,2.3159287,2.3159287,2.3159287,2.3159287,2.341919,2.341919,2.341919,2.341919,2.354234,2.354234,2.354234,2.354234,2.149944,2.149944,2.149944,2.149944,2.69609,2.69609,2.69609,2.69609,2.3593113,2.3593113,2.3593113,2.3593113,2.986761,2.986761,2.986761,2.986761,2.9012315,2.9012315,2.9012315,2.9012315,2.9564917,2.9564917,2.9564917,2.9564917,3.0,3.0,3.0,3.0,3.0,3.0,3.0,3.0,3.0,3.0,3.0,3.0,2.5791295,2.5791295,2.5791295,2.5791295,2.4731252,2.4731252,2.4731252,2.4731252,2.7658293,2.7658293,2.7658293,2.7658293,2.4287083,2.4287083,2.4287083,2.4287083,2.4335713,2.4335713,2.4335713,2.4335713,2.478952,2.478952,2.478952,2.478952,2.3934982,2.3934982,2.3934982,2.3934982,2.1517603,2.1517603,2.1517603,2.1517603,1.92959,1.92959,1.92959,1.92959,1.9052446,1.9052446,1.9052446,1.9052446
1.8114871,1.8114871,1.8114871,1.8114871,1.6397144,1.6397144,1.6397144,1.6397144,1.6207124,1.6207124,1.6207124,1.6207124,2.0596519,2.0596519,2.0596519,2.0596519,2.022898,2.022898,2.022898,2.022898,2.2608569,2.2608569,2.2608569,2.2608569,2.435331,2.435331,2.435331,2.435331,2.1782336,2.1782336,2.1782336,2.1782336,2.3159287,2.3159287,2.3159287,2.3159287,2.341919,2.341919,2.341919,2.341919,2.354234,2.354234,2.354234,2.354234,2.149944,2.149944,2.149944,2.149944,2.69609,2.69609,2.69609,2.69609,2.3593113,2.3593113,2.3593113,2.3593113,2.986761,2.986761,2.986761,2.986761,2.9012315,2.9012315,2.9012315,2.9012315,2.9564917,2.9564917,2.9564917,2.9564917,3.0,3.0,3.0,3.0,3.0,3.0,3.0,3.0,3.0,3.0,3.0,3.0,2.5791295,2.5791295,2.5791295,2.5791295,2.4731252,2.4731252,2.4731252,2.4731252,2.7658293,2.7658293,2.7658293,2.7658293,2.4287083,2.4287083,2.4287083,2.4287083,2.4335713,2.4335713,2.4335713,2.4335713,2.478952,2.478952,2.478952,2.478952,2.3934982,2.3934982,2.3934982,2.3934982,2.1517603,2.1517603,2.1517603,2.1517603,1.92959,1.92959,1.92959,1.92959,1.9052446,1.9052446,1.9052446,1.9052446
1.8114871,1.8114871,1.8114871,1.8114871,1.6397144,1.6397144,1.6397144,1.6397144,1.6207124,1.6207124,1.6207124,1.6207124,2.0596519,2.0596519,2.0596519,2.0596519,2.022898,2.022898,2.022898,2.022898,2.2608569,2.2608569,2.2608569,2.2608569,2.435331,2.435331,2.435331,2.435331,2.1782336,2.1782336,2.1782336,2.1782336,2.3159287,2.3159287,2.3159287,2.3159287,2.341919,2.341919,2.341919,2.341919,2.354234,2.354234,2.354234,2.354234,2.149944,2.149944,2.149944,2.149944,2.69609,2.69609,2.69609,2.69609,2.3593113,2.3593113,2.3593113,2.3593113,2.986761,2.986761,2.986761,2.986761,2.9012315,2.9012315,2.9012315,2.9012315,2.9564917,2.9564917,2.9564917,2.9564917,3.0,3.0,3.0,3.0,3.0,3.0,3.0,3.0,3.0,3.0,3.0,3.0,2.5791295,2.5791295,2.5791295,2.5791295,2.4731252,2.4731252,2.4731252,2.4731252,2.7658293,2.7658293,2.7658293,2.7658293,2.4287083,2.4287083,2.4287083,2.4287083,2.4335713,2.4335713,2.4335713,2.4335713,2.478952,2.478952,2.478952,2.478952,2.3934982,2.3934982,2.3934982,2.3934982,2.1517603,2.1517603,2.1517603,2.1517603,1.92959,1.92959,1.92959,1.92959,1.9052446,1.9052446,1.9052446,1.9052446
1.4351801,1.4351801,1.4351801,1.4351801,1.6484218,1.6484218,1.6484218,1.6484218,1.670559,1.670559,1.670559,1.670559,1.8737049,1.8737049,1.8737049,1.8737049,2.2744682,2.2744682,2.2744682,2.2744682,2.1418788,2.1418788,2.1418788,2.1418788,2.1137156,2.1137156,2.1137156,2.1137156,1.8243259,1.8243259,1.8243259,1.8243259,1.7768708,1.7768708,1.7768708,1.7768708,2.3217003,2.3217003,2.3217003,2.3217003,1.9585716,1.9585716,1.9585716,1.9585716,2.2388556,2.2388556,2.2388556,2.2388556,1.7342485,1.7342485,1.7342485,1.7342485,2.576456,2.576456,2.576456,2.576456,3.0,3.0,3.0,3.0,2.8560016,2.8560016,2.8560016,2.8560016,2.0498004,2.0498004,2.0498004,2.0498004,2.572534,2.572534,2.572534,2.572534,3.0,3.0,3.0,3.0,2.84454,2.84454,2.84454,2.84454,2.5688367,2.5688367,2.5688367,2.5688367,2.3874943,2.3874943,2.3874943,2.3874943,1.8187741,1.8187741,1.8187741,1.8187741,2.5577397,2.5577397,2.5577397,2.5577397,2.4718685,2.4718685,2.4718685,2.4718685,1.7326839,1.7326839,1.7326839,1.7326839,1.8396236,1.8396236,1.8396236,1.8396236,1.833261,1.833261,1.833261,1.833261,1.8434618,1.8434618,1.8434618,1.8434618,2.039988,2.039988,2.039988,2.039988
1.4351801,1.4351801,1.4351801,1.4351801,1.6484218,1.6484218,1.6484218,1.6484218,1.670559,1.670559,1.670559,1.670559,1.8737049,1.8737049,1.8737049,1.8737049,2.2744682,2.2744682,2.2744682,2.2744682,2.1418788,2.1418788,2.1418788,2.1418788,2.1137156,2.1137156,2.1137156,2.1137156,1.8243259,1.8243259,1.8243259,1.8243259,1.7768708,1.7768708,1.7768708,1.7768708,2.3217003,2.3217003,2.3217003,2.3217003,1.9585716,1.9585716,1.9585716,1.9585716,2.2388556,2.2388556,2.2388556,2.2388556,1.7342485,1.7342485,1.7342485,1.7342485,2.576456,2.576456,2.576456,2.576456,3.0,3.0,3.0,3.0,2.8560016,2.8560016,2.8560016,2.8560016,2.0498004,2.0498004,2.0498004,2.0498004,2.572534,2.572534,2.572534,2.572534,3.0,3.0,3.0,3.0,2.84454,2.84454,2.84454,2.84454,2.5688367,2.5688367,2.5688367,2.5688367,2.3874943,2.3874943,2.3874943,2.3874943,1.8187741,1.8187741,1.8187741,1.8187741,2.5577397,2.5577397,2.5577397,2.5577397,2.4718685,2.4718685,2.4718685,2.4718685,1.7326839,1.7326839,1.7326839,1.7326839,1.8396236,1.8396236,1.8396236,1.8396236,1.833261,1.833261,1.833261,1.833261,1.8434618,1.8434618,1.8434618,1.8434618,2.039988,2.039988,2.039988,2.039988
1.4351801,1.4351801,1.4351801,1.4351801,1.6484218,1.6484218,1.6484218,1.6484218,1.670559,1.670559,1.670559,1.670559,1.8737049,1.8737049,1.8737049,1.8737049,2.2744682,2.2744682,2.2744682,2.2744682,2.1418788,2.1418788,2.1418788,2.1418788,2.1137156,2.1137156,2.1137156,2.1137156,1.8243259,1.8243259,1.8243259,1.8243259,1.7768708,1.7768708,1.7768708,1.7768708,2.3217003,2.3217003,2.3217003,2.3217003,1.9585716,1.9585716,1.9585716,1.9585716,2.2388556,2.2388556,2.2388556,2.2388556,1.7342485,1.7342485,1.7342485,1.7342485,2.576456,2.576456,2.576456,2.576456,3.0,3.0,3.0,3.0,2.8560016,2.8560016,2.8560016,2.8560016,2.0498004,2.0498004,2.0498004,2.0498004,2.572534,2.572534,2.572534,2.572534,3.0,3.0,3.0,3.0,2.84454,2.84454,2.84454,2.84454,2.5688367,2.5688367,2.5688367,2.5688367,2.3874943,2.3874943,2.3874943,2.3874943,1.8187741,1.8187741,1.8187741,1.8187741,2.5577397,2.5577397,2.5577397,2.5577397,2.4718685,2.4718685,2.4718685,2.4718685,1.7326839,1.7326839,1.7326839,1.7326839,1.8396236,1.8396236,1.8396236,1.8396236,1.833261,1.833261,1.833261,1.833261,1.8434618,1.8434618,1.8434618,1.8434618,2.039988,2.039988,2.039988,2.039988
1.4351801,1.4351801,1.4351801,1.4351801,1.6484218,1.6484218,1.6484218,1.6484218,1.670559,1.670559,1.670559,1.670559,1.8737049,1.8737049,1.8737049,1.8737049,2.2744682,2.2744682,2.2744682,2.2744682,2.1418788,2.1418788,2.1418788,2.1418788,2.1137156,2.1137156,2.1137156,2.1137156,1.8243259,1.8243259,1.8243259,1.8243259,1.7768708,1.7768708,1.7768708,1.7768708,2.3217003,2.3217003,2.3217003,2.3217003,1.9585716,1.9585716,1.9585716,1.9585716,2.2388556,2.2388556,2.2388556,2.2388556,1.7342485,1.7342485,1.7342485,1.7342485,2.576456,2.576456,2.576456,2.576456,3.0,3.0,3.0,3.0,2.8560016,2.8560016,2.8560016,2.8560016,2.0498004,2.0498004,2.0498004,2.0498004,2.572534,2.572534,2.572534,2.572534,3.0,3.0,3.0,3.0,2.84454,2.84454,2.84454,2.84454,2.5688367,2.5688367,2.5688367,2.5688367,2.3874943,2.3874943,2.3874943,2.3874943,1.8187741,1.8187741,1.8187741,1.8187741,2.5577397,2.5577397,2.5577397,2.5577397,2.4718685,2.4718685,2.4718685,2.4718685,1.7326839,1.7326839,1.7326839,1.7326839,1.8396236,1.8396236,1.8396236,1.8396236,1.833261,1.833261,1.833261,1.833261,1.8434618,1.8434618,1.8434618,1.8434618,2.039988,2.039988,2.039988,2.039988
1.6849262,1.6849262,1.6849262,1.6849262,1.7318082,1.7318082,1.7318082,1.7318082,1.6811006,1.6811006,1.6811006,1.6811006,1.7952913,1.7952913,1.7952913,1.7952913,2.0931425,2.0931425,2.0931425,2.0931425,1.9536382,1.9536382,1.9536382,1.9536382,1.9792798,1.9792798,1.9792798,1.9792798,2.0332096,2.0332096,2.0332096,2.0332096,1.7525007,1.7525007,1.7525007,1.7525007,1.527511,1.527511,1.527511,1.527511,1.5890656,1.5890656,1.5890656,1.5890656,2.4961536,2.4961536,2.4961536,2.4961536,1.9356878,1.9356878,1.9356878,1.9356878,2.4989724,2.4989724,2.4989724,2.4989724,2.6781106,2.6781106,2.6781106,2.6781106,2.2833135,2.2833135,2.2833135,2.2833135,2.3391445,2.3391445,2.3391445,2.3391445,1.8291001,1.8291001,1.8291001,1.8291001,2.7283351,2.7283351,2.7283351,2.7283351,2.5524156,2.5524156,2.5524156,2.5524156,1.9396776,1.9396776,1.9396776,1.9396776,1.793657,1.793657,1.793657,1.793657,2.0990553,2.0990553,2.0990553,2.0990553,1.5468765,1.5468765,1.5468765,1.5468765,2.1696846,2.1696846,2.1696846,2.1696846,2.1526048,2.1526048,2.1526048,2.1526048,1.6616595,1.6616595,1.6616595,1.6616595,1.7551216,1.7551216,1.7551216,1.7551216,1.5534724,1.5534724,1.5534724,1.5534724,1.242283,1.242283,1.242283,1.242283
1.6849262,1.6849262,1.6849262,1.6849262,1.7318082,1.7318082,1.7318082,1.7318082,1.6811006,1.6811006,1.6811006,1.6811006,1.7952913,1.7952913,1.7952913,1.7952913,2.0931425,2.0931425,2.0931425,2.0931425,1.9536382,1.9536382,1.9536382,1.9536382,1.9792798,1.9792798,1.9792798,1.9792798,2.0332096,2.0332096,2.0332096,2.0332096,1.7525007,1.7525007,1.7525007,1.7525007,1.527511,1.527511,1.527511,1.527511,1.5890656,1.5890656,1.5890656,1.5890656,2.4961536,2.4961536,2.4961536,2.4961536,1.9356878,1.9356878,1.9356878,1.9356878,2.4989724,2.4989724,2.4989724,2.4989724,2.6781106,2.6781106,2.6781106,2.6781106,2.2833135,2.2833135,2.2833135,2.2833135,2.3391445,2.3391445,2.3391445,2.3391445,1.8291001,1.8291001,1.8291001,1.8291001,2.7283351,2.7283351,2.7283351,2.7283351,2.5524156,2.5524156,2.5524156,2.5524156,1.9396776,1.9396776,1.9396776,1.9396776,1.793657,1.793657,1.793657,1.793657,2.0990553,2.0990553,2.0990553,2.0990553,1.5468765,1.5468765,1.5468765,1.5468765,2.1696846,2.1696846,2.1696846,2.1696846,2.1526048,2.1526048,2.1526048,2.1526048,1.6616595,1.6616595,1.6616595,1.6616595,1.7551216,1.7551216,1.7551216,1.7551216,1.5534724,1.5534724,1.5534724,1.5534724,1.242283,1.242283,1.242283,1.242283
1.6849262,1.6849262,1.6849262,1.6849262,1.7318082,1.7318082,1.7318082,1.7318082,1.6811006,1.6811006,1.6811006,1.6811006,1.7952913,1.7952913,1.7952913,1.7952913,2.0931425,2.0931425,2.0931425,2.0931425,1.9536382,1.9536382,1.9536382,1.9536382,1.9792798,1.9792798,1.9792798,1.9792798,2.0332096,2.0332096,2.0332096,2.0332096,1.7525007,1.7525007,1.7525007,1.7525007,1.527511,1.527511,1.527511,1.527511,1.5890656,1.5890656,1.5890656,1.5890656,2.4961536,2.4961536,2.4961536,2.4961536,1.9356878,1.9356878,1.9356878,1.9356878,2.4989724,2.4989724,2.4989724,2.4989724,2.6781106,2.6781106,2.6781106,2.6781106,2.2833135,2.2833135,2.2833135,2.2833135,2.3391445,2.3391445,2.3391445,2.3391445,1.8291001,1.8291001,1.8291001,1.8291001,2.7283351,2.7283351,2.7283351,2.7283351,2.5524156,2.5524156,2.5524156,2.5524156,1.9396776,1.9396776,1.9396776,1.9396776,1.793657,1.793657,1.793657,1.793657,2.0990553,2.0990553,2.0990553,2.0990553,1.5468765,1.5468765,1.5468765,1.5468765,2.1696846,2.1696846,2.1696846,2.1696846,2.1526048,2.1526048,2.1526048,2.1526048,1.6616595,1.6616595,1.6616595,1.6616595,1.7551216,1.7551216,1.7551216,1.7551216,1.5534724,1.5534724,1.5534724,1.5534724,1.242283,1.242283,1.242283,1.242283
1.6849262,1.6849262,1.6849262,1.6849262,1.7318082,1.7318082,1.7318082,1.7318082,1.6811006,1.6811006,1.6811006,1.6811006,1.7952913,1.7952913,1.7952913,1.7952913,2.0931425,2.0931425,2.0931425,2.0931425,1.9536382,1.9536382,1.9536382,1.9536382,1.9792798,1.9792798,1.9792798,1.9792798,2.0332096,2.0332096,2.0332096,2.0332096,1.7525007,1.7525007,1.7525007,1.7525007,1.527511,1.527511,1.527511,1.527511,1.5890656,1.5890656,1.5890656,1.5890656,2.4961536,2.4961536,2.4961536,2.4961536,1.9356878,1.9356878,1.9356878,1.9356878,2.4989724,2.4989724,2.4989724,2.4989724,2.6781106,2.6781106,2.6781106,2.6781106,2.2833135,2.2833135,2.2833135,2.2833135,2.3391445,2.3391445,2.3391445,2.3391445,1.8291001,1.8291001,1.8291001,1.8291001,2.7283351,2.7283351,2.7283351,2.7283351,2.5524156,2.5524156,2.5524156,2.5524156,1.9396776,1.9396776,1.9396776,1.9396776,1.793657,1.793657,1.793657,1.793657,2.0990553,2.0990553,2.0990553,2.0990553,1.5468765,1.5468765,1.5468765,1.5468765,2.1696846,2.1696846,2.1696846,2.1696846,2.1526048,2.1526048,2.1526048,2.1526048,1.6616595,1.6616595,1.6616595,1.6616595,1.7551216,1.7551216,1.7551216,1.7551216,1.5534724,1.5534724,1.5534724,1.5534724,1.242283,1.242283,1.242283,1.242283
1.6574763,1.6574763,1.6574763,1.6574763,1.9302518,1.9302518,1.9302518,1.9302518,1.8044162,1.8044162,1.8044162,1.8044162,1.8992769,1.8992769,1.8992769,1.8992769,1.781848,1.781848,1.781848,1.781848,1.5499393,1.5499393,1.5499393,1.5499393,1.8954055,1.8954055,1.8954055,1.8954055,2.1175442,2.1175442,2.1175442,2.1175442,2.058083,2.058083,2.058083,2.058083,1.43029,1.43029,1.43029,1.43029,1.4449031,1.4449031,1.4449031,1.4449031,2.6315892,2.6315892,2.6315892,2.6315892,1.7483739,1.7483739,1.7483739,1.7483739,1.8803898,1.8803898,1.8803898,1.8803898,1.883582,1.883582,1.883582,1.883582,2.724825,2.724825,2.724825,2.724825,2.184079,2.184079,2.184079,2.184079,3.0,3.0,3.0,3.0,3.0,3.0,3.0,3.0,3.0,3.0,3.0,3.0,2.2351692,2.2351692,2.2351692,2.2351692,0.9097553,0.9097553,0.9097553,0.9097553,2.280351,2.280351,2.280351,2.280351,2.2425513,2.2425513,2.2425513,2.2425513,1.7509342,1.7509342,1.7509342,1.7509342,1.555958,1.555958,1.555958,1.555958,1.6501739,1.6501739,1.6501739,1.6501739,1.7533039,1.7533039,1.7533039,1.7533039,1.9108919,1.9108919,1.9108919,1.9108919,1.7944117,1.7944117,1.7944117,1.7944117
1.6574763,1.6574763,1.6574763,1.6574763,1.9302518,1.9302518,1.9302518,1.9302518,1.8044162,1.8044162,1.8044162,1.8044162,1.8992769,1.8992769,1.8992769,1.8992769,1.781848,1.781848,1.781848,1.781848,1.5499393,1.5499393,1.5499393,1.5499393,1.8954055,1.8954055,1.8954055,1.8954055,2.1175442,2.1175442,2.1175442,2.1175442,2.058083,2.058083,2.058083,2.058083,1.43029,1.43029,1.43029,1.43029,1.4449031,1.4449031,1.4449031,1.4449031,2.6315892,2.6315892,2.6315892,2.6315892,1.7483739,1.7483739,1.7483739,1.7483739,1.8803898,1.8803898,1.8803898,1.8803898,1.883582,1.883582,1.883582,1.883582,2.724825,2.724825,2.724825,2.724825,2.184079,2.184079,2.184079,2.184079,3.0,3.0,3.0,3.0,3.0,3.0,3.0,3.0,3.0,3.0,3.0,3.0,2.2351692,2.2351692,2.2351692,2.2351692,0.9097553,0.9097553,0.9097553,0.9097553,2.280351,2.280351,2.280351,2.280351,2.2425513,2.2425513,2.2425513,2.2425513,1.7509342,1.7509342,1.7509342,1.7509342,1.555958,1.555958,1.555958,1.555958,1.6501739,1.6501739,1.6501739,1.6501739,1.7533039,1.7533039,1.7533039,1.7533039,1.9108919,1.9108919,1.9108919,1.9108919,1.7944117,1.7944117,1.7944117,1.7944117
1.6574763,1.6574763,1.6574763,1.6574763,1.9302518,1.9302518,1.9302518,1.9302518,1.8044162,1.8044162,1.8044162,1.8044162,1.8992769,1.8992769,1.8992769,1.8992769,1.781848,1.781848,1.781848,1.781848,1.5499393,1.5499393,1.5499393,1.5499393,1.8954055,1.8954055,1.8954055,1.8954055,2.1175442,2.1175442,2.1175442,2.1175442,2.058083,2.058083,2.058083,2.058083,1.43029,1.43029,1.43029,1.43029,1.4449031,1.4449031,1.4449031,1.4449031,2.6315892,2.6315892,2.6315892,2.6315892,1.7483739,1.7483739,1.7483739,1.7483739,1.8803898,1.8803898,1.8803898,1.8803898,1.883582,1.883582,1.883582,1.883582,2.724825,2.724825,2.724825,2.724825,2.184079,2.184079,2.184079,2.184079,3.0,3.0,3.0,3.0,3.0,3.0,3.0,3.0,3.0,3.0,3.0,3.0,2.2351692,2.2351692,2.2351692,2.2351692,0.9097553,0.9097553,0.9097553,0.9097553,2.280351,2.280351,2.280351,2.280351,2.2425513,2.2425513,2.2425513,2.2425513,1.7509342,1.7509342,1.7509342,1.7509342,1.555958,1.555958,1.555958,1.555958,1.6501739,1.6501739,1.6501739,1.6501739,1.7533039,1.7533039,1.7533039,1.7533039,1.9108919,1.9108919,1.9108919,1.9108919,1.7944117,1.7944117,1.7944117,1.7944117
1.6574763,1.6574763,1.6574763,1.6574763,1.9302518,1.9302518,1.9302518,1.9302518,1.8044162,1.8044162,1.8044162,1.8044162,1.8992769,1.8992769,1.8992769,1.8992769,1.781848,1.781848,1.781848,1.781848,1.5499393,1.5499393,1.5499393,1.5499393,1.8954055,1.8954055,1.8954055,1.8954055,2.1175442,2.1175442,2.1175442,2.1175442,2.058083,2.058083,2.058083,2.058083,1.43029,1.43029,1.43029,1.43029,1.4449031,1.4449031,1.4449031,1.4449031,2.6315892,2.6315892,2.6315892,2.6315892,1.7483739,1.7483739,1.7483739,1.7483739,1.8803898,1.8803898,1.8803898,1.8803898,1.883582,1.883582,1.883582,1.883582,2.724825,2.724825,2.724825,2.724825,2.184079,2.184079,2.184079,2.184079,3.0,3.0,3.0,3.0,3.0,3.0,3.0,3.0,3.0,3.0,3.0,3.0,2.2351692,2.2351692,2.2351692,2.2351692,0.9097553,0.9097553,0.9097553,0.9097553,2.280351,2.280351,2.280351,2.280351,2.2425513,2.2425513,2.2425513,2.2425513,1.7509342,1.7509342,1.7509342,1.7509342,1.555958,1.555958,1.555958,1.555958,1.6501739,1.6501739,1.6501739,1.6501739,1.7533039,1.7533039,1.7533039,1.7533039,1.9108919,1.9108919,1.9108919,1.9108919,1.7944117,1.7944117,1.7944117,1.7944117
1.8469511,1.8469511,1.8469511,1.8469511,1.6481113,1.6481113,1.6481113,1.6481113,1.2742933,1.2742933,1.2742933,1.2742933,1.0029064,1.0029064,1.0029064,1.0029064,1.2697353,1.2697353,1.2697353,1.2697353,1.09904,1.09904,1.09904,1.09904,0.9655178,0.9655178,0.9655178,0.9655178,1.9929008,1.9929008,1.9929008,1.9929008,1.9689262,1.9689262,1.9689262,1.9689262,1.5365765,1.5365765,1.5365765,1.5365765,1.559342,1.559342,1.559342,1.559342,1.2836176,1.2836176,1.2836176,1.2836176,1.9532741,1.9532741,1.9532741,1.9532741,1.7280682,1.7280682,1.7280682,1.7280682,2.5231278,2.5231278,2.5231278,2.5231278,3.0,3.0,3.0,3.0,2.6809537,2.6809537,2.6809537,2.6809537,3.0,3.0,3.0,3.0,2.8881423,2.8881423,2.8881423,2.8881423,2.838902,2.838902,2.838902,2.838902,2.9520035,2.9520035,2.9520035,2.9520035,2.1892922,2.1892922,2.1892922,2.1892922,1.8292038,1.8292038,1.8292038,1.8292038,1.6725228,1.6725228,1.6725228,1.6725228,1.4941776,1.4941776,1.4941776,1.4941776,1.5598817,1.5598817,1.5598817,1.5598817,1.5277668,1.5277668,1.5277668,1.5277668,1.7743334,1.7743334,1.7743334,1.7743334,1.9203706,1.9203706,1.9203706,1.9203706,1.6293273,1.6293273,1.6293273,1.6293273
1.8469511,1.8469511,1.8469511,1.8469511,1.6481113,1.6481113,1.6481113,1.6481113,1.2742933,1.2742933,1.2742933,1.2742933,1.0029064,1.0029064,1.0029064,1.0029064,1.2697353,1.2697353,1.2697353,1.2697353,1.09904,1.09904,1.09904,1.09904,0.9655178,0.9655178,0.9655178,0.9655178,1.9929008,1.9929008,1.9929008,1.9929008,1.9689262,1.9689262,1.9689262,1.9689262,1.5365765,1.5365765,1.5365765,1.5365765,1.559342,1.559342,1.559342,1.559342,1.2836176,1.2836176,1.2836176,1.2836176,1.9532741,1.9532741,1.9532741,1.9532741,1.7280682,1.7280682,1.7280682,1.7280682,2.5231278,2.5231278,2.5231278,2.5231278,3.0,3.0,3.0,3.0,2.6809537,2.6809537,2.6809537,2.6809537,3.0,3.0,3.0,3.0,2.8881423,2.8881423,2.8881423,2.8881423,2.838902,2.838902,2.838902,2.838902,2.9520035,2.9520035,2.9520035,2.9520035,2.1892922,2.1892922,2.1892922,2.1892922,1.8292038,1.8292038,1.8292038,1.8292038,1.6725228,1.6725228,1.6725228,1.6725228,1.4941776,1.4941776,1.4941776,1.4941776,1.5598817,1.5598817,1.5598817,1.5598817,1.5277668,1.5277668,1.5277668,1.5277668,1.7743334,1.7743334,1.7743334,1.7743334,1.9203706,1.9203706,1.9203706,1.9203706,1.6293273,1.6293273,1.6293273,1.6293273
1.8469511,1.8469511,1.8469511,1.8469511,1.6481113,1.6481113,1.6481113,1.6481113,1.2742933,1.2742933,1.2742933,1.2742933,1.0029064,1.0029064,1.0029064,1.0029064,1.2697353,1.2697353,1.2697353,1.2697353,1.09904,1.09904,1.09904,1.09904,0.9655178,0.9655178,0.9655178,0.9655178,1.9929008,1.9929008,1.9929008,1.9929008,1.9689262,1.9689262,1.9689262,1.9689262,1.5365765,1.5365765,1.5365765,1.5365765,1.559342,1.559342,1.559342,1.559342,1.2836176,1.2836176,1.2836176,1.2836176,1.9532741,1.9532741,1.9532741,1.9532741,1.7280682,1.7280682,1.7280682,1.7280682,2.5231278,2.5231278,2.5231278,2.5231278,3.0,3.0,3.0,3.0,2.6809537,2.6809537,2.6809537,2.6809537,3.0,3.0,3.0,3.0,2.8881423,2.8881423,2.8881423,2.8881423,2.838902,2.838902,2.838902,2.838902,2.9520035,2.9520035,2.9520035,2.9520035,2.1892922,2.1892922,2.1892922,2.1892922,1.8292038,1.8292038,1.8292038,1.8292038,1.6725228,1.6725228,1.6725228,1.6725228,1.4941776,1.4941776,1.4941776,1.4941776,1.5598817,1.5598817,1.5598817,1.5598817,1.5277668,1.5277668,1.5277668,1.5277668,1.7743334,1.7743334,1.7743334,1.7743334,1.9203706,1.9203706,1.9203706,1.9203706,1.6293273,1.6293273,1.6293273,1.6293273
1.8469511,1.8469511,1.8469511,1.8469511,1.6481113,1.6481113,1.6481113,1.6481113,1.2742933,1.2742933,1.2742933,1.2742933,1.0029064,1.0029064,1.0029064,1.0029064,1.2697353,1.2697353,1.2697353,1.2697353,1.09904,1.09904,1.09904,1.09904,0.9655178,0.9655178,0.9655178,0.9655178,1.9929008,1.9929008,1.9929008,1.9929008,1.9689262,1.9689262,1.9689262,1.9689262,1.5365765,1.5365765,1.5365765,1.5365765,1.559342,1.559342,1.559342,1.559342,1.2836176,1.2836176,1.2836176,1.2836176,1.9532741,1.9532741,1.9532741,1.9532741,1.7280682,1.7280682,1.7280682,1.7280682,2.5231278,2.5231278,2.5231278,2.5231278,3.0,3.0,3.0,3.0,2.6809537,2.6809537,2.6809537,2.6809537,3.0,3.0,3.0,3.0,2.8881423,2.8881423,2.8881423,2.8881423,2.838902,2.838902,2.838902,2.838902,2.9520035,2.9520035,2.9520035,2.9520035,2.1892922,2.1892922,2.1892922,2.1892922,1.8292038,1.8292038,1.8292038,1.8292038,1.6725228,1.6725228,1.6725228,1.6725228,1.4941776,1.4941776,1.4941776,1.4941776,1.5598817,1.5598817,1.5598817,1.5598817,1.5277668,1.5277668,1.5277668,1.5277668,1.7743334,1.7743334,1.7743334,1.7743334,1.9203706,1.9203706,1.9203706,1.9203706,1.6293273,1.6293273,1.6293273,1.6293273
1.0789857,1.0789857,1.0789857,1.0789857,1.0107414,1.0107414,1.0107414,1.0107414,0.97314364,0.97314364,0.97314364,0.97314364,0.9098057,0.9098057,0.9098057,0.9098057,1.4896623,1.4896623,1.4896623,1.4896623,1.7850778,1.7850778,1.7850778,1.7850778,1.684274,1.684274,1.684274,1.684274,1.6973771,1.6973771,1.6973771,1.6973771,2.4002116,2.4002116,2.4002116,2.4002116,2.3891227,2.3891227,2.3891227,2.3891227,1.9262996,1.9262996,1.9262996,1.9262996,2.765923,2.765923,2.765923,2.765923,1.964524,1.964524,1.964524,1.964524,1.5903467,1.5903467,1.5903467,1.5903467,1.9632213,1.9632213,1.9632213,1.9632213,2.5562098,2.5562098,2.5562098,2.5562098,2.127655,2.127655,2.127655,2.127655,2.81691,2.81691,2.81691,2.81691,2.9063106,2.9063106,2.9063106,2.9063106,2.7357008,2.7357008,2.7357008,2.7357008,2.305786,2.305786,2.305786,2.305786,1.679728,1.679728,1.679728,1.679728,1.2157098,1.2157098,1.2157098,1.2157098,1.4478489,1.4478489,1.4478489,1.4478489,1.8536682,1.8536682,1.8536682,1.8536682,1.9224457,1.9224457,1.9224457,1.9224457,1.9808536,1.9808536,1.9808536,1.9808536,1.8999292,1.8999292,1.8999292,1.8999292,1.7019244,1.7019244,1.7019244,1.7019244,2.207043,2.207043,2.207043,2.207043
1.0789857,1.0789857,1.0789857,1.0789857,1.0107414,1.0107414,1.0107414,1.0107414,0.97314364,0.97314364,0.97314364,0.97314364,0.9098057,0.9098057,0.9098057,0.9098057,1.4896623,1.4896623,1.4896623,1.4896623,1.7850778,1.7850778,1.7850778,1.7850778,1.684274,1.684274,1.684274,1.684274,1.6973771,1.6973771,1.6973771,1.6973771,2.4002116,2.4002116,2.4002116,2.4002116,2.3891227,2.3891227,2.3891227,2.3891227,1.9262996,1.9262996,1.9262996,1.9262996,2.765923,2.765923,2.765923,2.765923,1.964524,1.964524,1.964524,1.964524,1.5903467,1.5903467,1.5903467,1.5903467,1.9632213,1.9632213,1.9632213,1.9632213,2.5562098,2.5562098,2.5562098,2.5562098,2.127655,2.127655,2.127655,2.127655,2.81691,2.81691,2.81691,2.81691,2.9063106,2.9063106,2.9063106,2.9063106,2.7357008,2.7357008,2.7357008,2.7357008,2.305786,2.305786,2.305786,2.305786,1.679728,1.679728,1.679728,1.679728,1.2157098,1.2157098,1.2157098,1.2157098,1.4478489,1.4478489,1.4478489,1.4478489,1.8536682,1.8536682,1.8536682,1.8536682,1.9224457,1.9224457,1.9224457,1.9224457,1.9808536,1.9808536,1.9808536,1.9808536,1.8999292,1.8999292,1.8999292,1.8999292,1.7019244,1.7019244,1.7019244,1.7019244,2.207043,2.207043,2.207043,2.207043
1.0789857,1.0789857,1.0789857,1.0789857,1.0107414,1.0107414,1.0107414,1.0107414,0.97314364,0.97314364,0.97314364,0.97314364,0.9098057,0.9098057,0.9098057,0.9098057,1.4896623,1.4896623,1.4896623,1.4896623,1.7850778,1.7850778,1.7850778,1.7850778,1.684274,1.684274,1.684274,1.684274,1.6973771,1.6973771,1.6973771,1.6973771,2.4002116,2.4002116,2.4002116,2.4002116,2.3891227,2.3891227,2.3891227,2.3891227,1.9262996,1.9262996,1.9262996,1.9262996,2.765923,2.765923,2.765923,2.765923,1.964524,1.964524,1.964524,1.964524,1.5903467,1.5903467,1.5903467,1.5903467,1.9632213,1.9632213,1.9632213,1.9632213,2.5562098,2.5562098,2.5562098,2.5562098,2.127655,2.127655,2.127655,2.127655,2.81691,2.81691,2.81691,2.81691,2.9063106,2.9063106,2.9063106,2.9063106,2.7357008,2.7357008,2.7357008,2.7357008,2.305786,2.305786,2.305786,2.305786,1.679728,1.679728,1.679728,1.679728,1.2157098,1.2157098,1.2157098,1.2157098,1.4478489,1.4478489,1.4478489,1.4478489,1.8536682,1.8536682,1.8536682,1.8536682,1.9224457,1.9224457,1.9224457,1.9224457,1.9808536,1.9808536,1.9808536,1.9808536,1.8999292,1.8999292,1.8999292,1.8999292,1.7019244,1.7019244,1.7019244,1.7019244,2.207043,2.207043,2.207043,2.207043
1.0789857,1.0789857,1.0789857,1.0789857,1.0107414,1.0107414,1.0107414,1.0107414,0.97314364,0.97314364,0.97314364,0.97314364,0.9098057,0.9098057,0.9098057,0.9098057,1.4896623,1.4896623,1.4896623,1.4896623,1.7850778,1.7850778,1.7850778,1.7850778,1.684274,1.684274,1.684274,1.684274,1.6973771,1.6973771,1.6973771,1.6973771,2.4002116,2.4002116,2.4002116,2.4002116,2.3891227,2.3891227,2.3891227,2.3891227,1.9262996,1.9262996,1.9262996,1.9262996,2.765923,2.765923,2.765923,2.765923,1.964524,1.964524,1.964524,1.964524,1.5903467,1.5903467,1.5903467,1.5903467,1.9632213,1.9632213,1.9632213,1.9632213,2.5562098,2.5562098,2.5562098,2.5562098,2.127655,2.127655,2.127655,2.127655,2.81691,2.81691,2.81691,2.81691,2.9063106,2.9063106,2.9063106,2.9063106,2.7357008,2.7357008,2.7357008,2.7357008,2.305786,2.305786,2.305786,2.305786,1.679728,1.679728,1.679728,1.679728,1.2157098,1.2157098,1.2157098,1.2157098,1.4478489,1.4478489,1.4478489,1.4478489,1.8536682,1.8536682,1.8536682,1.8536682,1.9224457,1.9224457,1.9224457,1.9224457,1.9808536,1.9808536,1.9808536,1.9808536,1.8999292,1.8999292,1.8999292,1.8999292,1.7019244,1.7019244,1.7019244,1.7019244,2.207043,2.207043,2.207043,2.207043
0.6,0.6,0.6,0.6,0.66134423,0.66134423,0.66134423,0.66134423,0.73524004,0.73524004,0.73524004,0.73524004,1.035635,1.035635,1.035635,1.035635,1.2990048,1.2990048,1.2990048,1.2990048,1.0737067,1.0737067,1.0737067,1.0737067,1.1949095,1.1949095,1.1949095,1.1949095,1.2729614,1.2729614,1.2729614,1.2729614,3.0,3.0,3.0,3.0,2.8558955,2.8558955,2.8558955,2.8558955,2.3937035,2.3937035,2.3937035,2.3937035,1.5114273,1.5114273,1.5114273,1.5114273,1.5827768,1.5827768,1.5827768,1.5827768,2.0785148,2.0785148,2.0785148,2.0785148,1.2582448,1.2582448,1.2582448,1.2582448,1.9085569,1.9085569,1.9085569,1.9085569,1.3273853,1.3273853,1.3273853,1.3273853,1.9449245,1.9449245,1.9449245,1.9449245,2.295755,2.295755,2.295755,2.295755,2.233997,2.233997,2.233997,2.233997,2.0682042,2.0682042,2.0682042,2.0682042,1.7244859,1.7244859,1.7244859,1.7244859,1.9396127,1.9396127,1.9396127,1.9396127,1.9365901,1.9365901,1.9365901,1.9365901,1.806874,1.806874,1.806874,1.806874,1.7435048,1.7435048,1.7435048,1.7435048,1.7579014,1.7579014,1.7579014,1.7579014,1.6907153,1.6907153,1.6907153,1.6907153,1.5289335,1.5289335,1.5289335,1.5289335,2.005819,2.005819,2.005819,2.005819
0.6,0.6,0.6,0.6,0.66134423,0.66134423,0.66134423,0.66134423,0.73524004,0.73524004,0.73524004,0.73524004,1.035635,1.035635,1.035635,1.035635,1.2990048,1.2990048,1.2990048,1.2990048,1.0737067,1.0737067,1.0737067,1.0737067,1.1949095,1.1949095,1.1949095,1.1949095,1.2729614,1.2729614,1.2729614,1.2729614,3.0,3.0,3.0,3.0,2.8558955,2.8558955,2.8558955,2.8558955,2.3937035,2.3937035,2.3937035,2.3937035,1.5114273,1.5114273,1.5114273,1.5114273,1.5827768,1.5827768,1.5827768,1.5827768,2.0785148,2.0785148,2.0785148,2.0785148,1.2582448,1.2582448,1.2582448,1.2582448,1.9085569,1.9085569,1.9085569,1.9085569,1.3273853,1.3273853,1.3273853,1.3273853,1.9449245,1.9449245,1.9449245,1.9449245,2.295755,2.295755,2.295755,2.295755,2.233997,2.233997,2.233997,2.233997,2.0682042,2.0682042,2.0682042,2.0682042,1.7244859,1.7244859,1.7244859,1.7244859,1.9396127,1.9396127,1.9396127,1.9396127,1.9365901,1.9365901,1.9365901,1.9365901,1.806874,1.806874,1.806874,1.806874,1.7435048,1.7435048,1.7435048,1.7435048,1.7579014,1.7579014,1.7579014,1.7579014,1.6907153,1.6907153,1.6907153,1.6907153,1.5289335,1.5289335,1.5289335,1.5289335,2.005819,2.005819,2.005819,2.005819
0.6,0.6,0.6,0.6,0.66134423,0.66134423,0.66134423,0.66134423,0.73524004,0.73524004,0.73524004,0.73524004,1.035635,1.035635,1.035635,1.035635,1.2990048,1.2990048,1.2990048,1.2990048,1.0737067,1.0737067,1.0737067,1.0737067,1.1949095,1.1949095,1.1949095,1.1949095,1.2729614,1.2729614,1.2729614,1.2729614,3.0,3.0,3.0,3.0,2.8558955,2.8558955,2.8558955,2.8558955,2.3937035,2.3937035,2.3937035,2.3937035,1.5114273,1.5114273,1.5114273,1.5114273,1.5827768,1.5827768,1.5827768,1.5827768,2.0785148,2.0785148,2.0785148,2.0785148,1.2582448,1.2582448,1.2582448,1.2582448,1.9085569,1.9085569,1.9085569,1.9085569,1.3273853,1.3273853,1.3273853,1.3273853,1.9449245,1.9449245,1.9449245,1.9449245,2.295755,2.295755,2.295755,2.295755,2.233997,2.233997,2.233997,2.233997,2.0682042,2.0682042,2.0682042,2.0682042,1.7244859,1.7244859,1.7244859,1.7244859,1.9396127,1.9396127,1.9396127,1.9396127,1.9365901,1.9365901,1.9365901,1.9365901,1.806874,1.806874,1.806874,1.806874,1.7435048,1.7435048,1.7435048,1.7435048,1.7579014,1.7579014,1.7579014,1.7579014,1.6907153,1.6907153,1.6907153,1.6907153,1.5289335,1.5289335,1.5289335,1.5289335,2.005819,2.005819,2.005819,2.005819
0.6,0.6,0.6,0.6,0.66134423,0.66134423,0.66134423,0.66134423,0.73524004,0.73524004,0.73524004,0.73524004,1.035635,1.035635,1.035635,1.035635,1.2990048,1.2990048,1.2990048,1.2990048,1.0737067,1.0737067,1.0737067,1.0737067,1.1949095,1.1949095,1.1949095,1.1949095,1.2729614,1.2729614,1.2729614,1.2729614,3.0,3.0,3.0,3.0,2.8558955,2.8558955,2.8558955,2.8558955,2.3937035,2.3937035,2.3937035,2.3937035,1.5114273,1.5114273,1.5114273,1.5114273,1.5827768,1.5827768,1.5827768,1.5827768,2.0785148,2.0785148,2.0785148,2.0785148,1.2582448,1.2582448,1.2582448,1.2582448,1.9085569,1.9085569,1.9085569,1.9085569,1.3273853,1.3273853,1.3273853,1.3273853,1.9449245,1.9449245,1.9449245,1.9449245,2.295755,2.295755,2.295755,2.295755,2.233997,2.233997,2.233997,2.233997,2.0682042,2.0682042,2.0682042,2.0682042,1.7244859,1.7244859,1.7244859,1.7244859,1.9396127,1.9396127,1.9396127,1.9396127,1.9365901,1.9365901,1.9365901,1.9365901,1.806874,1.806874,1.806874,1.806874,1.7435048,1.7435048,1.7435048,1.7435048,1.7579014,1.7579014,1.7579014,1.7579014,1.6907153,1.6907153,1.6907153,1.6907153,1.5289335,1.5289335,1.5289335,1.5289335,2.005819,2.005819,2.005819,2.005819
0.6,0.6,0.6,0.6,0.93097043,0.93097043,0.93097043,0.93097043,0.9720987,0.9720987,0.9720987,0.9720987,0.8135404,0.8135404,0.8135404,0.8135404,0.6215456,0.6215456,0.6215456,0.6215456,0.6,0.6,0.6,0.6,0.6,0.6,0.6,0.6,0.6,0.6,0.6,0.6,1.3238059,1.3238059,1.3238059,1.3238059,1.5330372,1.5330372,1.5330372,1.5330372,1.446208,1.446208,1.446208,1.446208,1.5756878,1.5756878,1.5756878,1.5756878,1.6148927,1.6148927,1.6148927,1.6148927,1.3830934,1.3830934,1.3830934,1.3830934,2.0489883,2.0489883,2.0489883,2.0489883,2.0483942,2.0483942,2.0483942,2.0483942,1.8149325,1.8149325,1.8149325,1.8149325,2.3505974,2.3505974,2.3505974,2.3505974,1.8905061,1.8905061,1.8905061,1.8905061,2.071875,2.071875,2.071875,2.071875,1.366639,1.366639,1.366639,1.366639,2.1459434,2.1459434,2.1459434,2.1459434,1.9975752,1.9975752,1.9975752,1.9975752,1.4965656,1.4965656,1.4965656,1.4965656,2.196985,2.196985,2.196985,2.196985,2.2707112,2.2707112,2.2707112,2.2707112,1.3062197,1.3062197,1.3062197,1.3062197,1.3666819,1.3666819,1.3666819,1.3666819,1.3935943,1.3935943,1.3935943,1.3935943,1.8307779,1.8307779,1.8307779,1.8307779
0.6,0.6,0.6,0.6,0.93097043,0.93097043,0.93097043,0.93097043,0.9720987,0.9720987,0.9720987,0.9720987,0.8135404,0.8135404,0.8135404,0.8135404,0.6215456,0.6215456,0.6215456,0.6215456,0.6,0.6,0.6,0.6,0.6,0.6,0.6,0.6,0.6,0.6,0.6,0.6,1.3238059,1.3238059,1.3238059,1.3238059,1.5330372,1.5330372,1.5330372,1.5330372,1.446208,1.446208,1.446208,1.446208,1.5756878,1.5756878,1.5756878,1.5756878,1.6148927,1.6148927,1.6148927,1.6148927,1.3830934,1.3830934,1.3830934,1.3830934,2.0489883,2.0489883,2.0489883,2.0489883,2.0483942,2.0483942,2.0483942,2.0483942,1.8149325,1.8149325,1.8149325,1.8149325,2.3505974,2.3505974,2.3505974,2.3505974,1.8905061,1.8905061,1.8905061,1.8905061,2.071875,2.071875,2.071875,2.071875,1.366639,1.366639,1.366639,1.366639,2.1459434,2.1459434,2.1459434,2.1459434,1.9975752,1.9975752,1.9975752,1.9975752,1.4965656,1.4965656,1.4965656,1.4965656,2.196985,2.196985,2.196985,2.196985,2.2707112,2.2707112,2.2707112,2.2707112,1.3062197,1.3062197,1.3062197,1.3062197,1.3666819,1.3666819,1.3666819,1.3666819,1.3935943,1.3935943,1.3935943,1.3935943,1.8307779,1.8307779,1.8307779,1.8307779
0.6,0.6,0.6,0.6,0.93097043,0.93097043,0.93097043,0.93097043,0.9720987,0.9720987,0.9720987,0.9720987,0.8135404,0.8135404,0.8135404,0.8135404,0.6215456,0.6215456,0.6215456,0.6215456,0.6,0.6,0.6,0.6,0.6,0.6,0.6,0.6,0.6,0.6,0.6,0.6,1.3238059,1.3238059,1.3238059,1.3238059,1.5330372,1.5330372,1.5330372,1.5330372,1.446208,1.446208,1.446208,1.446208,1.5756878,1.5756878,1.5756878,1.5756878,1.6148927,1.6148927,1.6148927,1.6148927,1.3830934,1.3830934,1.3830934,1.3830934,2.0489883,2.0489883,2.0489883,2.0489883,2.0483942,2.0483942,2.0483942,2.0483942,1.8149325,1.8149325,1.8149325,1.8149325,2.3505974,2.3505974,2.3505974,2.3505974,1.8905061,1.8905061,1.8905061,1.8905061,2.071875,2.071875,2.071875,2.071875,1.366639,1.366639,1.366639,1.366639,2.1459434,2.1459434,2.1459434,2.1459434,1.9975752,1.9975752,1.9975752,1.9975752,1.4965656,1.4965656,1.4965656,1.4965656,2.196985,2.196985,2.196985,2.196985,2.2707112,2.2707112,2.2707112,2.2707112,1.3062197,1.3062197,1.3062197,1.3062197,1.3666819,1.3666819,1.3666819,1.3666819,1.3935943,1.3935943,1.3935943,1.3935943,1.8307779,1.8307779,1.8307779,1.8307779
0.6,0.6,0.6,0.6,0.93097043,0.93097043,0.93097043,0.93097043,0.9720987,0.9720987,0.9720987,0.9720987,0.8135404,0.8135404,0.8135404,0.8135404,0.6215456,0.6215456,0.6215456,0.6215456,0.6,0.6,0.6,0.6,0.6,0.6,0.6,0.6,0.6,0.6,0.6,0.6,1.3238059,1.3238059,1.3238059,1.3238059,1.5330372,1.5330372,1.5330372,1.5330372,1.446208,1.446208,1.446208,1.446208,1.5756878,1.5756878,1.5756878,1.5756878,1.6148927,1.6148927,1.6148927,1.6148927,1.3830934,1.3830934,1.3830934,1.3830934,2.0489883,2.0489883,2.0489883,2.0489883,2.0483942,2.0483942,2.0483942,2.0483942,1.8149325,1.8149325,1.8149325,1.8149325,2.3505974,2.3505974,2.3505974,2.3505974,1.8905061,1.8905061,1.8905061,1.8905061,2.071875,2.071875,2.071875,2.071875,1.366639,1.366639,1.366639,1.366639,2.1459434,2.1459434,2.1459434,2.1459434,1.9975752,1.9975752,1.9975752,1.9975752,1.4965656,1.4965656,1.4965656,1.4965656,2.196985,2.196985,2.196985,2.196985,2.2707112,2.2707112,2.2707112,2.2707112,1.3062197,1.3062197,1.3062197,1.3062197,1.3666819,1.3666819,1.3666819,1.3666819,1.3935943,1.3935943,1.3935943,1.3935943,1.8307779,1.8307779,1.8307779,1.8307779
