0.6,0.6,0.6,0.6,0.6,0.6,0.6,0.6,0.6,0.6,0.6,0.6,0.6,0.6,0.6,0.6,0.6,0.6,0.6,0.6,0.6,0.6,0.6,0.6,0.6,0.6,0.6,0.6,0.6,0.6,0.6,0.6,0.6,0.6,0.6,0.6,0.6,0.6,0.6,0.6,0.6,0.6,0.6,0.6,0.6,0.6,0.6,0.6,0.6,0.6,0.6,0.6,0.6,0.6,0.6,0.6,0.6,0.6,0.6,0.6,0.6,0.6,0.6,0.6,0.6,0.6,0.6,0.6,0.6,0.6,0.6,0.6,0.6,0.6,0.6,0.6,0.6,0.6,0.6,0.6,0.6,0.6,0.6,0.6,0.6,0.6,0.6,0.6,0.6,0.6,0.6,0.6,0.6,0.6,0.6,0.6,0.6,0.6,0.6,0.6,0.6,0.6,0.6,0.6,0.6,0.6,0.6,0.6,0.6,0.6,0.6,0.6,0.6,0.6,0.6,0.6,0.6,0.6,0.6,0.6
0.6,0.6,0.6,0.6,0.6,0.6,0.6,0.6,0.6,0.6,0.6,0.6,0.6,0.6,0.6,0.6,0.6,0.6,0.6,0.6,0.6,0.6,0.6,0.6,0.6,0.6,0.6,0.6,0.6,0.6,0.6,0.6,0.6,0.6,0.6,0.6,0.6,0.6,0.6,0.6,0.6,0.6,0.6,0.6,0.6,0.6,0.6,0.6,0.6,0.6,0.6,0.6,0.6,0.6,0.6,0.6,0.6,0.6,0.6,0.6,0.6,0.6,0.6,0.6,0.6,0.6,0.6,0.6,0.6,0.6,0.6,0.6,0.6,0.6,0.6,0.6,0.6,0.6,0.6,0.6,0.6,0.6,0.6,0.6,0.6,0.6,0.6,0.6,0.6,0.6,0.6,0.6,0.6,0.6,0.6,0.6,0.6,0.6,0.6,0.6,0.6,0.6,0.6,0.6,0.6,0.6,0.6,0.6,0.6,0.6,0.6,0.6,0.6,0.6,0.6,0.6,0.6,0.6,0.6,0.6
0.6,0.6,0.6,0.6,0.6,0.6,0.6,0.6,0.6,0.6,0.6,0.6,0.6,0.6,0.6,0.6,0.6,0.6,0.6,0.6,0.6,0.6,0.6,0.6,0.6,0.6,0.6,0.6,0.6,0.6,0.6,0.6,0.6,0.6,0.6,0.6,0.6,0.6,0.6,0.6,0.6,0.6,0.6,0.6,0.6,0.6,0.6,0.6,0.6,0.6,0.6,0.6,0.6,0.6,0.6,0.6,0.6,0.6,0.6,0.6,0.6,0.6,0.6,0.6,0.6,0.6,0.6,0.6,0.6,0.6,0.6,0.6,0.6,0.6,0.6,0.6,0.6,0.6,0.6,0.6,0.6,0.6,0.6,0.6,0.6,0.6,0.6,0.6,0.6,0.6,0.6,0.6,0.6,0.6,0.6,0.6,0.6,0.6,0.6,0.6,0.6,0.6,0.6,0.6,0.6,0.6,0.6,0.6,0.6,0.6,0.6,0.6,0.6,0.6,0.6,0.6,0.6,0.6,0.6,0.6
0.6,0.6,0.6,0.6,0.6,0.6,0.6,0.6,0.6,0.6,0.6,0.6,0.6,0.6,0.6,0.6,0.6,0.6,0.6,0.6,0.6,0.6,0.6,0.6,0.6,0.6,0.6,0.6,0.6,0.6,0.6,0.6,0.6,0.6,0.6,0.6,0.6,0.6,0.6,0.6,0.6,0.6,0.6,0.6,0.6,0.6,0.6,0.6,0.6,0.6,0.6,0.6,0.6,0.6,0.6,0.6,0.6,0.6,0.6,0.6,0.6,0.6,0.6,0.6,0.6,0.6,0.6,0.6,0.6,0.6,0.6,0.6,0.6,0.6,0.6,0.6,0.6,0.6,0.6,0.6,0.6,0.6,0.6,0.6,0.6,0.6,0.6,0.6,0.6,0.6,0.6,0.6,0.6,0.6,0.6,0.6,0.6,0.6,0.6,0.6,0.6,0.6,0.6,0.6,0.6,0.6,0.6,0.6,0.6,0.6,0.6,0.6,0.6,0.6,0.6,0.6,0.6,0.6,0.6,0.6
0.6,0.6,0.6,0.6,0.6,0.6,0.6,0.6,0.6,0.6,0.6,0.6,0.6,0.6,0.6,0.6,0.6,0.6,0.6,0.6,0.6,0.6,0.6,0.6,0.6,0.6,0.6,0.6,0.6,0.6,0.6,0.6,0.6,0.6,0.6,0.6,0.6,0.6,0.6,0.6,0.6,0.6,0.6,0.6,0.6,0.6,0.6,0.6,0.6,0.6,0.6,0.6,0.6,0.6,0.6,0.6,0.6,0.6,0.6,0.6,0.6,0.6,0.6,0.6,0.6,0.6,0.6,0.6,0.6,0.6,0.6,0.6,0.6,0.6,0.6,0.6,0.6,0.6,0.6,0.6,0.6,0.6,0.6,0.6,0.6,0.6,0.6,0.6,0.6,0.6,0.6,0.6,0.6,0.6,0.6,0.6,0.6,0.6,0.6,0.6,0.6,0.6,0.6,0.6,0.6,0.6,0.6,0.6,0.6,0.6,0.6,0.6,0.6,0.6,0.6,0.6,0.6,0.6,0.6,0.6
0.6,0.6,0.6,0.6,0.6,0.6,0.6,0.6,0.6,0.6,0.6,0.6,0.6,0.6,0.6,0.6,0.6,0.6,0.6,0.6,0.6,0.6,0.6,0.6,0.6,0.6,0.6,0.6,0.6,0.6,0.6,0.6,0.6,0.6,0.6,0.6,0.6,0.6,0.6,0.6,0.6,0.6,0.6,0.6,0.6,0.6,0.6,0.6,0.6,0.6,0.6,0.6,0.6,0.6,0.6,0.6,0.6,0.6,0.6,0.6,0.6,0.6,0.6,0.6,0.6,0.6,0.6,0.6,0.6,0.6,0.6,0.6,0.6,0.6,0.6,0.6,0.6,0.6,0.6,0.6,0.6,0.6,0.6,0.6,0.6,0.6,0.6,0.6,0.6,0.6,0.6,0.6,0.6,0.6,0.6,0.6,0.6,0.6,0.6,0.6,0.6,0.6,0.6,0.6,0.6,0.6,0.6,0.6,0.6,0.6,0.6,0.6,0.6,0.6,0.6,0.6,0.6,0.6,0.6,0.6
0.6,0.6,0.6,0.6,0.6,0.6,0.6,0.6,0.6,0.6,0.6,0.6,0.6,0.6,0.6,0.6,0.6,0.6,0.6,0.6,0.6,0.6,0.6,0.6,0.6,0.6,0.6,0.6,0.6,0.6,0.6,0.6,0.6,0.6,0.6,0.6,0.6,0.6,0.6,0.6,0.6,0.6,0.6,0.6,0.6,0.6,0.6,0.6,0.6,0.6,0.6,0.6,0.6,0.6,0.6,0.6,0.6,0.6,0.6,0.6,0.6,0.6,0.6,0.6,0.6,0.6,0.6,0.6,0.6,0.6,0.6,0.6,0.6,0.6,0.6,0.6,0.6,0.6,0.6,0.6,0.6,0.6,0.6,0.6,0.6,0.6,0.6,0.6,0.6,0.6,0.6,0.6,0.6,0.6,0.6,0.6,0.6,0.6,0.6,0.6,0.6,0.6,0.6,0.6,0.6,0.6,0.6,0.6,0.6,0.6,0.6,0.6,0.6,0.6,0.6,0.6,0.6,0.6,0.6,0.6
0.6,0.6,0.6,0.6,0.6,0.6,0.6,0.6,0.6,0.6,0.6,0.6,0.6,0.6,0.6,0.6,0.6,0.6,0.6,0.6,0.6,0.6,0.6,0.6,0.6,0.6,0.6,0.6,0.6,0.6,0.6,0.6,0.6,0.6,0.6,0.6,0.6,0.6,0.6,0.6,0.6,0.6,0.6,0.6,0.6,0.6,0.6,0.6,0.6,0.6,0.6,0.6,0.6,0.6,0.6,0.6,0.6,0.6,0.6,0.6,0.6,0.6,0.6,0.6,0.6,0.6,0.6,0.6,0.6,0.6,0.6,0.6,0.6,0.6,0.6,0.6,0.6,0.6,0.6,0.6,0.6,0.6,0.6,0.6,0.6,0.6,0.6,0.6,0.6,0.6,0.6,0.6,0.6,0.6,0.6,0.6,0.6,0.6,0.6,0.6,0.6,0.6,0.6,0.6,0.6,0.6,0.6,0.6,0.6,0.6,0.6,0.6,0.6,0.6,0.6,0.6,0.6,0.6,0.6,0.6
0.6,0.6,0.6,0.6,0.6,0.6,0.6,0.6,0.6,0.6,0.6,0.6,0.6,0.6,0.6,0.6,0.6,0.6,0.6,0.6,0.6,0.6,0.6,0.6,0.6,0.6,0.6,0.6,0.6,0.6,0.6,0.6,0.6,0.6,0.6,0.6,0.6,0.6,0.6,0.6,0.6,0.6,0.6,0.6,0.6,0.6,0.6,0.6,0.6,0.6,0.6,0.6,0.6,0.6,0.6,0.6,0.6,0.6,0.6,0.6,0.6,0.6,0.6,0.6,0.6,0.6,0.6,0.6,0.6,0.6,0.6,0.6,0.6,0.6,0.6,0.6,0.6,0.6,0.6,0.6,0.6,0.6,0.6,0.6,0.6,0.6,0.6,0.6,0.6,0.6,0.6,0.6,0.6,0.6,0.6,0.6,0.6,0.6,0.6,0.6,0.6,0.6,0.6,0.6,0.6,0.6,0.6,0.6,0.6,0.6,0.6,0.6,0.6,0.6,0.6,0.6,0.6,0.6,0.6,0.6
0.6,0.6,0.6,0.6,0.6,0.6,0.6,0.6,0.6,0.6,0.6,0.6,0.6,0.6,0.6,0.6,0.6,0.6,0.6,0.6,0.6,0.6,0.6,0.6,0.6,0.6,0.6,0.6,0.6,0.6,0.6,0.6,0.6,0.6,0.6,0.6,0.6,0.6,0.6,0.6,0.6,0.6,0.6,0.6,0.6,0.6,0.6,0.6,0.6,0.6,0.6,0.6,0.6,0.6,0.6,0.6,0.6,0.6,0.6,0.6,0.6,0.6,0.6,0.6,0.6,0.6,0.6,0.6,0.6,0.6,0.6,0.6,0.6,0.6,0.6,0.6,0.6,0.6,0.6,0.6,0.6,0.6,0.6,0.6,0.6,0.6,0.6,0.6,0.6,0.6,0.6,0.6,0.6,0.6,0.6,0.6,0.6,0.6,0.6,0.6,0.6,0.6,0.6,0.6,0.6,0.6,0.6,0.6,0.6,0.6,0.6,0.6,0.6,0.6,0.6,0.6,0.6,0.6,0.6,0.6
0.6,0.6,0.6,0.6,0.6,0.6,0.6,0.6,0.6,0.6,0.6,0.6,0.6,0.6,0.6,0.6,0.6,0.6,0.6,0.6,0.6,0.6,0.6,0.6,0.6,0.6,0.6,0.6,0.6,0.6,0.6,0.6,0.6,0.6,0.6,0.6,0.6,0.6,0.6,0.6,0.6,0.6,0.6,0.6,0.6,0.6,0.6,0.6,0.6,0.6,0.6,0.6,0.6,0.6,0.6,0.6,0.6,0.6,0.6,0.6,0.6,0.6,0.6,0.6,0.6,0.6,0.6,0.6,0.6,0.6,0.6,0.6,0.6,0.6,0.6,0.6,0.6,0.6,0.6,0.6,0.6,0.6,0.6,0.6,0.6,0.6,0.6,0.6,0.6,0.6,0.6,0.6,0.6,0.6,0.6,0.6,0.6,0.6,0.6,0.6,0.6,0.6,0.6,0.6,0.6,0.6,0.6,0.6,0.6,0.6,0.6,0.6,0.6,0.6,0.6,0.6,0.6,0.6,0.6,0.6
0.6,0.6,0.6,0.6,0.6,0.6,0.6,0.6,0.6,0.6,0.6,0.6,0.6,0.6,0.6,0.6,0.6,0.6,0.6,0.6,0.6,0.6,0.6,0.6,0.6,0.6,0.6,0.6,0.6,0.6,0.6,0.6,0.6,0.6,0.6,0.6,0.6,0.6,0.6,0.6,0.6,0.6,0.6,0.6,0.6,0.6,0.6,0.6,0.6,0.6,0.6,0.6,0.6,0.6,0.6,0.6,0.6,0.6,0.6,0.6,0.6,0.6,0.6,0.6,0.6,0.6,0.6,0.6,0.6,0.6,0.6,0.6,0.6,0.6,0.6,0.6,0.6,0.6,0.6,0.6,0.6,0.6,0.6,0.6,0.6,0.6,0.6,0.6,0.6,0.6,0.6,0.6,0.6,0.6,0.6,0.6,0.6,0.6,0.6,0.6,0.6,0.6,0.6,0.6,0.6,0.6,0.6,0.6,0.6,0.6,0.6,0.6,0.6,0.6,0.6,0.6,0.6,0.6,0.6,0.6
0.6,0.6,0.6,0.6,0.6,0.6,0.6,0.6,0.6,0.6,0.6,0.6,0.6,0.6,0.6,0.6,0.6,0.6,0.6,0.6,0.6,0.6,0.6,0.6,0.6,0.6,0.6,0.6,0.6,0.6,0.6,0.6,0.6,0.6,0.6,0.6,0.6,0.6,0.6,0.6,0.6,0.6,0.6,0.6,0.6,0.6,0.6,0.6,0.6,0.6,0.6,0.6,0.6,0.6,0.6,0.6,0.6,0.6,0.6,0.6,0.6,0.6,0.6,0.6,0.6,0.6,0.6,0.6,0.6,0.6,0.6,0.6,0.6,0.6,0.6,0.6,0.6,0.6,0.6,0.6,0.6,0.6,0.6,0.6,0.6,0.6,0.6,0.6,0.6,0.6,0.6,0.6,0.6,0.6,0.6,0.6,0.6,0.6,0.6,0.6,0.6,0.6,0.6,0.6,0.6,0.6,0.6,0.6,0.6,0.6,0.6,0.6,0.6,0.6,0.6,0.6,0.6,0.6,0.6,0.6
0.6,0.6,0.6,0.6,0.6,0.6,0.6,0.6,0.6,0.6,0.6,0.6,0.6,0.6,0.6,0.6,0.6,0.6,0.6,0.6,0.6,0.6,0.6,0.6,0.6,0.6,0.6,0.6,0.6,0.6,0.6,0.6,0.6,0.6,0.6,0.6,0.6,0.6,0.6,0.6,0.6,0.6,0.6,0.6,0.6,0.6,0.6,0.6,0.6,0.6,0.6,0.6,0.6,0.6,0.6,0.6,0.6,0.6,0.6,0.6,0.6,0.6,0.6,0.6,0.6,0.6,0.6,0.6,0.6,0.6,0.6,0.6,0.6,0.6,0.6,0.6,0.6,0.6,0.6,0.6,0.6,0.6,0.6,0.6,0.6,0.6,0.6,0.6,0.6,0.6,0.6,0.6,0.6,0.6,0.6,0.6,0.6,0.6,0.6,0.6,0.6,0.6,0.6,0.6,0.6,0.6,0.6,0.6,0.6,0.6,0.6,0.6,0.6,0.6,0.6,0.6,0.6,0.6,0.6,0.6
0.6,0.6,0.6,0.6,0.6,0.6,0.6,0.6,0.6,0.6,0.6,0.6,0.6,0.6,0.6,0.6,0.6,0.6,0.6,0.6,0.6,0.6,0.6,0.6,0.6,0.6,0.6,0.6,0.6,0.6,0.6,0.6,0.6,0.6,0.6,0.6,0.6,0.6,0.6,0.6,0.6,0.6,0.6,0.6,0.6,0.6,0.6,0.6,0.6,0.6,0.6,0.6,0.6,0.6,0.6,0.6,0.6,0.6,0.6,0.6,0.6,0.6,0.6,0.6,0.6,0.6,0.6,0.6,0.6,0.6,0.6,0.6,0.6,0.6,0.6,0.6,0.6,0.6,0.6,0.6,0.6,0.6,0.6,0.6,0.6,0.6,0.6,0.6,0.6,0.6,0.6,0.6,0.6,0.6,0.6,0.6,0.6,0.6,0.6,0.6,0.6,0.6,0.6,0.6,0.6,0.6,0.6,0.6,0.6,0.6,0.6,0.6,0.6,0.6,0.6,0.6,0.6,0.6,0.6,0.6
0.6,0.6,0.6,0.6,0.6,0.6,0.6,0.6,0.6,0.6,0.6,0.6,0.6,0.6,0.6,0.6,0.6,0.6,0.6,0.6,0.6,0.6,0.6,0.6,0.6,0.6,0.6,0.6,0.6,0.6,0.6,0.6,0.6,0.6,0.6,0.6,0.6,0.6,0.6,0.6,0.6,0.6,0.6,0.6,0.6,0.6,0.6,0.6,0.6,0.6,0.6,0.6,0.6,0.6,0.6,0.6,0.6,0.6,0.6,0.6,0.6,0.6,0.6,0.6,0.6,0.6,0.6,0.6,0.6,0.6,0.6,0.6,0.6,0.6,0.6,0.6,0.6,0.6,0.6,0.6,0.6,0.6,0.6,0.6,0.6,0.6,0.6,0.6,0.6,0.6,0.6,0.6,0.6,0.6,0.6,0.6,0.6,0.6,0.6,0.6,0.6,0.6,0.6,0.6,0.6,0.6,0.6,0.6,0.6,0.6,0.6,0.6,0.6,0.6,0.6,0.6,0.6,0.6,0.6,0.6
0.6,0.6,0.6,0.6,0.6,0.6,0.6,0.6,0.6,0.6,0.6,0.6,0.6,0.6,0.6,0.6,0.6,0.6,0.6,0.6,0.6,0.6,0.6,0.6,0.6,0.6,0.6,0.6,0.6,0.6,0.6,0.6,0.6,0.6,0.6,0.6,0.6,0.6,0.6,0.6,0.6,0.6,0.6,0.6,0.6,0.6,0.6,0.6,0.6,0.6,0.6,0.6,0.6,0.6,0.6,0.6,0.9425666,0.9425666,0.9425666,0.9425666,0.6,0.6,0.6,0.6,0.6,0.6,0.6,0.6,0.6,0.6,0.6,0.6,0.6,0.6,0.6,0.6,0.6,0.6,0.6,0.6,0.6,0.6,0.6,0.6,0.6,0.6,0.6,0.6,0.6,0.6,0.6,0.6,0.6,0.6,0.6,0.6,0.6,0.6,0.6,0.6,0.6,0.6,0.6,0.6,0.6,0.6,0.6,0.6,0.6,0.6,0.6,0.6,0.6,0.6,0.6,0.6,0.6,0.6,0.6,0.6
0.6,0.6,0.6,0.6,0.6,0.6,0.6,0.6,0.6,0.6,0.6,0.6,0.6,0.6,0.6,0.6,0.6,0.6,0.6,0.6,0.6,0.6,0.6,0.6,0.6,0.6,0.6,0.6,0.6,0.6,0.6,0.6,0.6,0.6,0.6,0.6,0.6,0.6,0.6,0.6,0.6,0.6,0.6,0.6,0.6,0.6,0.6,0.6,0.6,0.6,0.6,0.6,0.6,0.6,0.6,0.6,0.9425666,0.9425666,0.9425666,0.9425666,0.6,0.6,0.6,0.6,0.6,0.6,0.6,0.6,0.6,0.6,0.6,0.6,0.6,0.6,0.6,0.6,0.6,0.6,0.6,0.6,0.6,0.6,0.6,0.6,0.6,0.6,0.6,0.6,0.6,0.6,0.6,0.6,0.6,0.6,0.6,0.6,0.6,0.6,0.6,0.6,0.6,0.6,0.6,0.6,0.6,0.6,0.6,0.6,0.6,0.6,0.6,0.6,0.6,0.6,0.6,0.6,0.6,0.6,0.6,0.6
0.6,0.6,0.6,0.6,0.6,0.6,0.6,0.6,0.6,0.6,0.6,0.6,0.6,0.6,0.6,0.6,0.6,0.6,0.6,0.6,0.6,0.6,0.6,0.6,0.6,0.6,0.6,0.6,0.6,0.6,0.6,0.6,0.6,0.6,0.6,0.6,0.6,0.6,0.6,0.6,0.6,0.6,0.6,0.6,0.6,0.6,0.6,0.6,0.6,0.6,0.6,0.6,0.6,0.6,0.6,0.6,0.9425666,0.9425666,0.9425666,0.9425666,0.6,0.6,0.6,0.6,0.6,0.6,0.6,0.6,0.6,0.6,0.6,0.6,0.6,0.6,0.6,0.6,0.6,0.6,0.6,0.6,0.6,0.6,0.6,0.6,0.6,0.6,0.6,0.6,0.6,0.6,0.6,0.6,0.6,0.6,0.6,0.6,0.6,0.6,0.6,0.6,0.6,0.6,0.6,0.6,0.6,0.6,0.6,0.6,0.6,0.6,0.6,0.6,0.6,0.6,0.6,0.6,0.6,0.6,0.6,0.6
0.6,0.6,0.6,0.6,0.6,0.6,0.6,0.6,0.6,0.6,0.6,0.6,0.6,0.6,0.6,0.6,0.6,0.6,0.6,0.6,0.6,0.6,0.6,0.6,0.6,0.6,0.6,0.6,0.6,0.6,0.6,0.6,0.6,0.6,0.6,0.6,0.6,0.6,0.6,0.6,0.6,0.6,0.6,0.6,0.6,0.6,0.6,0.6,0.6,0.6,0.6,0.6,0.6,0.6,0.6,0.6,0.9425666,0.9425666,0.9425666,0.9425666,0.6,0.6,0.6,0.6,0.6,0.6,0.6,0.6,0.6,0.6,0.6,0.6,0.6,0.6,0.6,0.6,0.6,0.6,0.6,0.6,0.6,0.6,0.6,0.6,0.6,0.6,0.6,0.6,0.6,0.6,0.6,0.6,0.6,0.6,0.6,0.6,0.6,0.6,0.6,0.6,0.6,0.6,0.6,0.6,0.6,0.6,0.6,0.6,0.6,0.6,0.6,0.6,0.6,0.6,0.6,0.6,0.6,0.6,0.6,0.6
0.6,0.6,0.6,0.6,0.6,0.6,0.6,0.6,0.6,0.6,0.6,0.6,0.6,0.6,0.6,0.6,0.6,0.6,0.6,0.6,0.6,0.6,0.6,0.6,0.6,0.6,0.6,0.6,0.6,0.6,0.6,0.6,0.6,0.6,0.6,0.6,0.6,0.6,0.6,0.6,0.6,0.6,0.6,0.6,0.6,0.6,0.6,0.6,0.6,0.6,0.6,0.6,0.6,0.6,0.6,0.6,1.436057,1.436057,1.436057,1.436057,0.6,0.6,0.6,0.6,0.6,0.6,0.6,0.6,0.6,0.6,0.6,0.6,0.6,0.6,0.6,0.6,0.6,0.6,0.6,0.6,0.6,0.6,0.6,0.6,0.6,0.6,0.6,0.6,0.6,0.6,0.6,0.6,0.6,0.6,0.6,0.6,0.6,0.6,0.6,0.6,0.6,0.6,0.6,0.6,0.6,0.6,0.6,0.6,0.6,0.6,0.6,0.6,0.6,0.6,0.6,0.6,0.6,0.6,0.6,0.6
0.6,0.6,0.6,0.6,0.6,0.6,0.6,0.6,0.6,0.6,0.6,0.6,0.6,0.6,0.6,0.6,0.6,0.6,0.6,0.6,0.6,0.6,0.6,0.6,0.6,0.6,0.6,0.6,0.6,0.6,0.6,0.6,0.6,0.6,0.6,0.6,0.6,0.6,0.6,0.6,0.6,0.6,0.6,0.6,0.6,0.6,0.6,0.6,0.6,0.6,0.6,0.6,0.6,0.6,0.6,0.6,1.436057,1.436057,1.436057,1.436057,0.6,0.6,0.6,0.6,0.6,0.6,0.6,0.6,0.6,0.6,0.6,0.6,0.6,0.6,0.6,0.6,0.6,0.6,0.6,0.6,0.6,0.6,0.6,0.6,0.6,0.6,0.6,0.6,0.6,0.6,0.6,0.6,0.6,0.6,0.6,0.6,0.6,0.6,0.6,0.6,0.6,0.6,0.6,0.6,0.6,0.6,0.6,0.6,0.6,0.6,0.6,0.6,0.6,0.6,0.6,0.6,0.6,0.6,0.6,0.6
0.6,0.6,0.6,0.6,0.6,0.6,0.6,0.6,0.6,0.6,0.6,0.6,0.6,0.6,0.6,0.6,0.6,0.6,0.6,0.6,0.6,0.6,0.6,0.6,0.6,0.6,0.6,0.6,0.6,0.6,0.6,0.6,0.6,0.6,0.6,0.6,0.6,0.6,0.6,0.6,0.6,0.6,0.6,0.6,0.6,0.6,0.6,0.6,0.6,0.6,0.6,0.6,0.6,0.6,0.6,0.6,1.436057,1.436057,1.436057,1.436057,0.6,0.6,0.6,0.6,0.6,0.6,0.6,0.6,0.6,0.6,0.6,0.6,0.6,0.6,0.6,0.6,0.6,0.6,0.6,0.6,0.6,0.6,0.6,0.6,0.6,0.6,0.6,0.6,0.6,0.6,0.6,0.6,0.6,0.6,0.6,0.6,0.6,0.6,0.6,0.6,0.6,0.6,0.6,0.6,0.6,0.6,0.6,0.6,0.6,0.6,0.6,0.6,0.6,0.6,0.6,0.6,0.6,0.6,0.6,0.6
0.6,0.6,0.6,0.6,0.6,0.6,0.6,0.6,0.6,0.6,0.6,0.6,0.6,0.6,0.6,0.6,0.6,0.6,0.6,0.6,0.6,0.6,0.6,0.6,0.6,0.6,0.6,0.6,0.6,0.6,0.6,0.6,0.6,0.6,0.6,0.6,0.6,0.6,0.6,0.6,0.6,0.6,0.6,0.6,0.6,0.6,0.6,0.6,0.6,0.6,0.6,0.6,0.6,0.6,0.6,0.6,1.436057,1.436057,1.436057,1.436057,0.6,0.6,0.6,0.6,0.6,0.6,0.6,0.6,0.6,0.6,0.6,0.6,0.6,0.6,0.6,0.6,0.6,0.6,0.6,0.6,0.6,0.6,0.6,0.6,0.6,0.6,0.6,0.6,0.6,0.6,0.6,0.6,0.6,0.6,0.6,0.6,0.6,0.6,0.6,0.6,0.6,0.6,0.6,0.6,0.6,0.6,0.6,0.6,0.6,0.6,0.6,0.6,0.6,0.6,0.6,0.6,0.6,0.6,0.6,0.6
0.68553615,0.68553615,0.68553615,0.68553615,0.6,0.6,0.6,0.6,0.7196408,0.7196408,0.7196408,0.7196408,0.78957385,0.78957385,0.78957385,0.78957385,0.6,0.6,0.6,0.6,0.6,0.6,0.6,0.6,0.6,0.6,0.6,0.6,0.62422645,0.62422645,0.62422645,0.62422645,0.6,0.6,0.6,0.6,0.7863024,0.7863024,0.7863024,0.7863024,0.90028673,0.90028673,0.90028673,0.90028673,0.6182716,0.6182716,0.6182716,0.6182716,0.88583225,0.88583225,0.88583225,0.88583225,1.2157028,1.2157028,1.2157028,1.2157028,1.5179027,1.5179027,1.5179027,1.5179027,0.8524488,0.8524488,0.8524488,0.8524488,0.6,0.6,0.6,0.6,0.6723807,0.6723807,0.6723807,0.6723807,0.6,0.6,0.6,0.6,0.6,0.6,0.6,0.6,0.6,0.6,0.6,0.6,0.6,0.6,0.6,0.6,0.6,0.6,0.6,0.6,0.6,0.6,0.6,0.6,0.6,0.6,0.6,0.6,0.6,0.6,0.6,0.6,0.6,0.6,0.6,0.6,0.6,0.6,0.6,0.6,0.6,0.6,0.6,0.6,0.6,0.6,0.6,0.6
0.68553615,0.68553615,0.68553615,0.68553615,0.6,0.6,0.6,0.6,0.7196408,0.7196408,0.7196408,0.7196408,0.78957385,0.78957385,0.78957385,0.78957385,0.6,0.6,0.6,0.6,0.6,0.6,0.6,0.6,0.6,0.6,0.6,0.6,0.62422645,0.62422645,0.62422645,0.62422645,0.6,0.6,0.6,0.6,0.7863024,0.7863024,0.7863024,0.7863024,0.90028673,0.90028673,0.90028673,0.90028673,0.6182716,0.6182716,0.6182716,0.6182716,0.88583225,0.88583225,0.88583225,0.88583225,1.2157028,1.2157028,1.2157028,1.2157028,1.5179027,1.5179027,1.5179027,1.5179027,0.8524488,0.8524488,0.8524488,0.8524488,0.6,0.6,0.6,0.6,0.6723807,0.6723807,0.6723807,0.6723807,0.6,0.6,0.6,0.6,0.6,0.6,0.6,0.6,0.6,0.6,0.6,0.6,0.6,0.6,0.6,0.6,0.6,0.6,0.6,0.6,0.6,0.6,0.6,0.6,0.6,0.6,0.6,0.6,0.6,0.6,0.6,0.6,0.6,0.6,0.6,0.6,0.6,0.6,0.6,0.6,0.6,0.6,0.6,0.6,0.6,0.6,0.6,0.6
0.68553615,0.68553615,0.68553615,0.68553615,0.6,0.6,0.6,0.6,0.7196408,0.7196408,0.7196408,0.7196408,0.78957385,0.78957385,0.78957385,0.78957385,0.6,0.6,0.6,0.6,0.6,0.6,0.6,0.6,0.6,0.6,0.6,0.6,0.62422645,0.62422645,0.62422645,0.62422645,0.6,0.6,0.6,0.6,0.7863024,0.7863024,0.7863024,0.7863024,0.90028673,0.90028673,0.90028673,0.90028673,0.6182716,0.6182716,0.6182716,0.6182716,0.88583225,0.88583225,0.88583225,0.88583225,1.2157028,1.2157028,1.2157028,1.2157028,1.5179027,1.5179027,1.5179027,1.5179027,0.8524488,0.8524488,0.8524488,0.8524488,0.6,0.6,0.6,0.6,0.6723807,0.6723807,0.6723807,0.6723807,0.6,0.6,0.6,0.6,0.6,0.6,0.6,0.6,0.6,0.6,0.6,0.6,0.6,0.6,0.6,0.6,0.6,0.6,0.6,0.6,0.6,0.6,0.6,0.6,0.6,0.6,0.6,0.6,0.6,0.6,0.6,0.6,0.6,0.6,0.6,0.6,0.6,0.6,0.6,0.6,0.6,0.6,0.6,0.6,0.6,0.6,0.6,0.6
0.68553615,0.68553615,0.68553615,0.68553615,0.6,0.6,0.6,0.6,0.7196408,0.7196408,0.7196408,0.7196408,0.78957385,0.78957385,0.78957385,0.78957385,0.6,0.6,0.6,0.6,0.6,0.6,0.6,0.6,0.6,0.6,0.6,0.6,0.62422645,0.62422645,0.62422645,0.62422645,0.6,0.6,0.6,0.6,0.7863024,0.7863024,0.7863024,0.7863024,0.90028673,0.90028673,0.90028673,0.90028673,0.6182716,0.6182716,0.6182716,0.6182716,0.88583225,0.88583225,0.88583225,0.88583225,1.2157028,1.2157028,1.2157028,1.2157028,1.5179027,1.5179027,1.5179027,1.5179027,0.8524488,0.8524488,0.8524488,0.8524488,0.6,0.6,0.6,0.6,0.6723807,0.6723807,0.6723807,0.6723807,0.6,0.6,0.6,0.6,0.6,0.6,0.6,0.6,0.6,0.6,0.6,0.6,0.6,0.6,0.6,0.6,0.6,0.6,0.6,0.6,0.6,0.6,0.6,0.6,0.6,0.6,0.6,0.6,0.6,0.6,0.6,0.6,0.6,0.6,0.6,0.6,0.6,0.6,0.6,0.6,0.6,0.6,0.6,0.6,0.6,0.6,0.6,0.6
1.2237744,1.2237744,1.2237744,1.2237744,1.4585123,1.4585123,1.4585123,1.4585123,1.4027847,1.4027847,1.4027847,1.4027847,1.3085347,1.3085347,1.3085347,1.3085347,1.8676838,1.8676838,1.8676838,1.8676838,1.6767932,1.6767932,1.6767932,1.6767932,2.1658065,2.1658065,2.1658065,2.1658065,1.7109498,1.7109498,1.7109498,1.7109498,1.8561047,1.8561047,1.8561047,1.8561047,2.0167935,2.0167935,2.0167935,2.0167935,1.6460643,1.6460643,1.6460643,1.6460643,1.8905473,1.8905473,1.8905473,1.8905473,2.1955588,2.1955588,2.1955588,2.1955588,2.1227474,2.1227474,2.1227474,2.1227474,2.3612964,2.3612964,2.3612964,2.3612964,2.3939397,2.3939397,2.3939397,2.3939397,2.3741865,2.3741865,2.3741865,2.3741865,1.8823329,1.8823329,1.8823329,1.8823329,1.6937428,1.6937428,1.6937428,1.6937428,1.5707147,1.5707147,1.5707147,1.5707147,1.6326994,1.6326994,1.6326994,1.6326994,1.904634,1.904634,1.904634,1.904634,1.603797,1.603797,1.603797,1.603797,1.5813283,1.5813283,1.5813283,1.5813283,1.2894741,1.2894741,1.2894741,1.2894741,1.2294085,1.2294085,1.2294085,1.2294085,1.1910143,1.1910143,1.1910143,1.1910143,1.2019076,1.2019076,1.2019076,1.2019076,1.0706575,1.0706575,1.0706575,1.0706575,1.2545326,1.2545326,1.2545326,1.2545326
1.2237744,1.2237744,1.2237744,1.2237744,1.4585123,1.4585123,1.4585123,1.4585123,1.4027847,1.4027847,1.4027847,1.4027847,1.3085347,1.3085347,1.3085347,1.3085347,1.8676838,1.8676838,1.8676838,1.8676838,1.6767932,1.6767932,1.6767932,1.6767932,2.1658065,2.1658065,2.1658065,2.1658065,1.7109498,1.7109498,1.7109498,1.7109498,1.8561047,1.8561047,1.8561047,1.8561047,2.0167935,2.0167935,2.0167935,2.0167935,1.6460643,1.6460643,1.6460643,1.6460643,1.8905473,1.8905473,1.8905473,1.8905473,2.1955588,2.1955588,2.1955588,2.1955588,2.1227474,2.1227474,2.1227474,2.1227474,2.3612964,2.3612964,2.3612964,2.3612964,2.3939397,2.3939397,2.3939397,2.3939397,2.3741865,2.3741865,2.3741865,2.3741865,1.8823329,1.8823329,1.8823329,1.8823329,1.6937428,1.6937428,1.6937428,1.6937428,1.5707147,1.5707147,1.5707147,1.5707147,1.6326994,1.6326994,1.6326994,1.6326994,1.904634,1.904634,1.904634,1.904634,1.603797,1.603797,1.603797,1.603797,1.5813283,1.5813283,1.5813283,1.5813283,1.2894741,1.2894741,1.2894741,1.2894741,1.2294085,1.2294085,1.2294085,1.2294085,1.1910143,1.1910143,1.1910143,1.1910143,1.2019076,1.2019076,1.2019076,1.2019076,1.0706575,1.0706575,1.0706575,1.0706575,1.2545326,1.2545326,1.2545326,1.2545326
1.2237744,1.2237744,1.2237744,1.2237744,1.4585123,1.4585123,1.4585123,1.4585123,1.4027847,1.4027847,1.4027847,1.4027847,1.3085347,1.3085347,1.3085347,1.3085347,1.8676838,1.8676838,1.8676838,1.8676838,1.6767932,1.6767932,1.6767932,1.6767932,2.1658065,2.1658065,2.1658065,2.1658065,1.7109498,1.7109498,1.7109498,1.7109498,1.8561047,1.8561047,1.8561047,1.8561047,2.0167935,2.0167935,2.0167935,2.0167935,1.6460643,1.6460643,1.6460643,1.6460643,1.8905473,1.8905473,1.8905473,1.8905473,2.1955588,2.1955588,2.1955588,2.1955588,2.1227474,2.1227474,2.1227474,2.1227474,2.3612964,2.3612964,2.3612964,2.3612964,2.3939397,2.3939397,2.3939397,2.3939397,2.3741865,2.3741865,2.3741865,2.3741865,1.8823329,1.8823329,1.8823329,1.8823329,1.6937428,1.6937428,1.6937428,1.6937428,1.5707147,1.5707147,1.5707147,1.5707147,1.6326994,1.6326994,1.6326994,1.6326994,1.904634,1.904634,1.904634,1.904634,1.603797,1.603797,1.603797,1.603797,1.5813283,1.5813283,1.5813283,1.5813283,1.2894741,1.2894741,1.2894741,1.2894741,1.2294085,1.2294085,1.2294085,1.2294085,1.1910143,1.1910143,1.1910143,1.1910143,1.2019076,1.2019076,1.2019076,1.2019076,1.0706575,1.0706575,1.0706575,1.0706575,1.2545326,1.2545326,1.2545326,1.2545326
1.2237744,1.2237744,1.2237744,1.2237744,1.4585123,1.4585123,1.4585123,1.4585123,1.4027847,1.4027847,1.4027847,1.4027847,1.3085347,1.3085347,1.3085347,1.3085347,1.8676838,1.8676838,1.8676838,1.8676838,1.6767932,1.6767932,1.6767932,1.6767932,2.1658065,2.1658065,2.1658065,2.1658065,1.7109498,1.7109498,1.7109498,1.7109498,1.8561047,1.8561047,1.8561047,1.8561047,2.0167935,2.0167935,2.0167935,2.0167935,1.6460643,1.6460643,1.6460643,1.6460643,1.8905473,1.8905473,1.8905473,1.8905473,2.1955588,2.1955588,2.1955588,2.1955588,2.1227474,2.1227474,2.1227474,2.1227474,2.3612964,2.3612964,2.3612964,2.3612964,2.3939397,2.3939397,2.3939397,2.3939397,2.3741865,2.3741865,2.3741865,2.3741865,1.8823329,1.8823329,1.8823329,1.8823329,1.6937428,1.6937428,1.6937428,1.6937428,1.5707147,1.5707147,1.5707147,1.5707147,1.6326994,1.6326994,1.6326994,1.6326994,1.904634,1.904634,1.904634,1.904634,1.603797,1.603797,1.603797,1.603797,1.5813283,1.5813283,1.5813283,1.5813283,1.2894741,1.2894741,1.2894741,1.2894741,1.2294085,1.2294085,1.2294085,1.2294085,1.1910143,1.1910143,1.1910143,1.1910143,1.2019076,1.2019076,1.2019076,1.2019076,1.0706575,1.0706575,1.0706575,1.0706575,1.2545326,1.2545326,1.2545326,1.2545326
1.4831783,1.4831783,1.4831783,1.4831783,1.6471008,1.6471008,1.6471008,1.6471008,1.4816401,1.4816401,1.4816401,1.4816401,1.6351209,1.6351209,1.6351209,1.6351209,1.7537435,1.7537435,1.7537435,1.7537435,2.0352457,2.0352457,2.0352457,2.0352457,1.6753356,1.6753356,1.6753356,1.6753356,2.0756624,2.0756624,2.0756624,2.0756624,2.3990238,2.3990238,2.3990238,2.3990238,2.2037787,2.2037787,2.2037787,2.2037787,2.3182697,2.3182697,2.3182697,2.3182697,2.6255076,2.6255076,2.6255076,2.6255076,2.201295,2.201295,2.201295,2.201295,2.573276,2.573276,2.573276,2.573276,2.772126,2.772126,2.772126,2.772126,3.0,3.0,3.0,3.0,3.0,3.0,3.0,3.0,2.558312,2.558312,2.558312,2.558312,2.2565668,2.2565668,2.2565668,2.2565668,2.3992112,2.3992112,2.3992112,2.3992112,2.3329608,2.3329608,2.3329608,2.3329608,1.9752281,1.9752281,1.9752281,1.9752281,2.034683,2.034683,2.034683,2.034683,2.1934206,2.1934206,2.1934206,2.1934206,2.0177805,2.0177805,2.0177805,2.0177805,1.7195886,1.7195886,1.7195886,1.7195886,1.6670669,1.6670669,1.6670669,1.6670669,1.8100201,1.8100201,1.8100201,1.8100201,1.8750142,1.8750142,1.8750142,1.8750142,1.625744,1.625744,1.625744,1.625744
1.4831783,1.4831783,1.4831783,1.4831783,1.6471008,1.6471008,1.6471008,1.6471008,1.4816401,1.4816401,1.4816401,1.4816401,1.6351209,1.6351209,1.6351209,1.6351209,1.7537435,1.7537435,1.7537435,1.7537435,2.0352457,2.0352457,2.0352457,2.0352457,1.6753356,1.6753356,1.6753356,1.6753356,2.0756624,2.0756624,2.0756624,2.0756624,2.3990238,2.3990238,2.3990238,2.3990238,2.2037787,2.2037787,2.2037787,2.2037787,2.3182697,2.3182697,2.3182697,2.3182697,2.6255076,2.6255076,2.6255076,2.6255076,2.201295,2.201295,2.201295,2.201295,2.573276,2.573276,2.573276,2.573276,2.772126,2.772126,2.772126,2.772126,3.0,3.0,3.0,3.0,3.0,3.0,3.0,3.0,2.558312,2.558312,2.558312,2.558312,2.2565668,2.2565668,2.2565668,2.2565668,2.3992112,2.3992112,2.3992112,2.3992112,2.3329608,2.3329608,2.3329608,2.3329608,1.9752281,1.9752281,1.9752281,1.9752281,2.034683,2.034683,2.034683,2.034683,2.1934206,2.1934206,2.1934206,2.1934206,2.0177805,2.0177805,2.0177805,2.0177805,1.7195886,1.7195886,1.7195886,1.7195886,1.6670669,1.6670669,1.6670669,1.6670669,1.8100201,1.8100201,1.8100201,1.8100201,1.8750142,1.8750142,1.8750142,1.8750142,1.625744,1.625744,1.625744,1.625744
1.4831783,1.4831783,1.4831783,1.4831783,1.6471008,1.6471008,1.6471008,1.6471008,1.4816401,1.4816401,1.4816401,1.4816401,1.6351209,1.6351209,1.6351209,1.6351209,1.7537435,1.7537435,1.7537435,1.7537435,2.0352457,2.0352457,2.0352457,2.0352457,1.6753356,1.6753356,1.6753356,1.6753356,2.0756624,2.0756624,2.0756624,2.0756624,2.3990238,2.3990238,2.3990238,2.3990238,2.2037787,2.2037787,2.2037787,2.2037787,2.3182697,2.3182697,2.3182697,2.3182697,2.6255076,2.6255076,2.6255076,2.6255076,2.201295,2.201295,2.201295,2.201295,2.573276,2.573276,2.573276,2.573276,2.772126,2.772126,2.772126,2.772126,3.0,3.0,3.0,3.0,3.0,3.0,3.0,3.0,2.558312,2.558312,2.558312,2.558312,2.2565668,2.2565668,2.2565668,2.2565668,2.3992112,2.3992112,2.3992112,2.3992112,2.3329608,2.3329608,2.3329608,2.3329608,1.9752281,1.9752281,1.9752281,1.9752281,2.034683,2.034683,2.034683,2.034683,2.1934206,2.1934206,2.1934206,2.1934206,2.0177805,2.0177805,2.0177805,2.0177805,1.7195886,1.7195886,1.7195886,1.7195886,1.6670669,1.6670669,1.6670669,1.6670669,1.8100201,1.8100201,1.8100201,1.8100201,1.8750142,1.8750142,1.8750142,1.8750142,1.625744,1.625744,1.625744,1.625744
1.4831783,1.4831783,1.4831783,1.4831783,1.6471008,1.6471008,1.6471008,1.6471008,1.4816401,1.4816401,1.4816401,1.4816401,1.6351209,1.6351209,1.6351209,1.6351209,1.7537435,1.7537435,1.7537435,1.7537435,2.0352457,2.0352457,2.0352457,2.0352457,1.6753356,1.6753356,1.6753356,1.6753356,2.0756624,2.0756624,2.0756624,2.0756624,2.3990238,2.3990238,2.3990238,2.3990238,2.2037787,2.2037787,2.2037787,2.2037787,2.3182697,2.3182697,2.3182697,2.3182697,2.6255076,2.6255076,2.6255076,2.6255076,2.201295,2.201295,2.201295,2.201295,2.573276,2.573276,2.573276,2.573276,2.772126,2.772126,2.772126,2.772126,3.0,3.0,3.0,3.0,3.0,3.0,3.0,3.0,2.558312,2.558312,2.558312,2.558312,2.2565668,2.2565668,2.2565668,2.2565668,2.3992112,2.3992112,2.3992112,2.3992112,2.3329608,2.3329608,2.3329608,2.3329608,1.9752281,1.9752281,1.9752281,1.9752281,2.034683,2.034683,2.034683,2.034683,2.1934206,2.1934206,2.1934206,2.1934206,2.0177805,2.0177805,2.0177805,2.0177805,1.7195886,1.7195886,1.7195886,1.7195886,1.6670669,1.6670669,1.6670669,1.6670669,1.8100201,1.8100201,1.8100201,1.8100201,1.8750142,1.8750142,1.8750142,1.8750142,1.625744,1.625744,1.625744,1.625744
1.7438138,1.7438138,1.7438138,1.7438138,1.6891574,1.6891574,1.6891574,1.6891574,1.6448317,1.6448317,1.6448317,1.6448317,1.9626352,1.9626352,1.9626352,1.9626352,1.9263896,1.9263896,1.9263896,1.9263896,2.2381458,2.2381458,2.2381458,2.2381458,2.3956742,2.3956742,2.3956742,2.3956742,2.1722903,2.1722903,2.1722903,2.1722903,2.365739,2.365739,2.365739,2.365739,2.1724353,2.1724353,2.1724353,2.1724353,2.2194602,2.2194602,2.2194602,2.2194602,1.952607,1.952607,1.952607,1.952607,2.425753,2.425753,2.425753,2.425753,2.3997478,2.3997478,2.3997478,2.3997478,2.9304042,2.9304042,2.9304042,2.9304042,2.648262,2.648262,2.648262,2.648262,3.0,3.0,3.0,3.0,3.0,3.0,3.0,3.0,3.0,3.0,3.0,3.0,2.839955,2.839955,2.839955,2.839955,2.543551,2.543551,2.543551,2.543551,2.3257668,2.3257668,2.3257668,2.3257668,2.5975723,2.5975723,2.5975723,2.5975723,2.3999171,2.3999171,2.3999171,2.3999171,2.6780226,2.6780226,2.6780226,2.6780226,2.368027,2.368027,2.368027,2.368027,2.4075565,2.4075565,2.4075565,2.4075565,2.0765898,2.0765898,2.0765898,2.0765898,1.8809915,1.8809915,1.8809915,1.8809915,1.8961186,1.8961186,1.8961186,1.8961186
1.7438138,1.7438138,1.7438138,1.7438138,1.6891574,1.6891574,1.6891574,1.6891574,1.6448317,1.6448317,1.6448317,1.6448317,1.9626352,1.9626352,1.9626352,1.9626352,1.9263896,1.9263896,1.9263896,1.9263896,2.2381458,2.2381458,2.2381458,2.2381458,2.3956742,2.3956742,2.3956742,2.3956742,2.1722903,2.1722903,2.1722903,2.1722903,2.365739,2.365739,2.365739,2.365739,2.1724353,2.1724353,2.1724353,2.1724353,2.2194602,2.2194602,2.2194602,2.2194602,1.952607,1.952607,1.952607,1.952607,2.425753,2.425753,2.425753,2.425753,2.3997478,2.3997478,2.3997478,2.3997478,2.9304042,2.9304042,2.9304042,2.9304042,2.648262,2.648262,2.648262,2.648262,3.0,3.0,3.0,3.0,3.0,3.0,3.0,3.0,3.0,3.0,3.0,3.0,2.839955,2.839955,2.839955,2.839955,2.543551,2.543551,2.543551,2.543551,2.3257668,2.3257668,2.3257668,2.3257668,2.5975723,2.5975723,2.5975723,2.5975723,2.3999171,2.3999171,2.3999171,2.3999171,2.6780226,2.6780226,2.6780226,2.6780226,2.368027,2.368027,2.368027,2.368027,2.4075565,2.4075565,2.4075565,2.4075565,2.0765898,2.0765898,2.0765898,2.0765898,1.8809915,1.8809915,1.8809915,1.8809915,1.8961186,1.8961186,1.8961186,1.8961186
1.7438138,1.7438138,1.7438138,1.7438138,1.6891574,1.6891574,1.6891574,1.6891574,1.6448317,1.6448317,1.6448317,1.6448317,1.9626352,1.9626352,1.9626352,1.9626352,1.9263896,1.9263896,1.9263896,1.9263896,2.2381458,2.2381458,2.2381458,2.2381458,2.3956742,2.3956742,2.3956742,2.3956742,2.1722903,2.1722903,2.1722903,2.1722903,2.365739,2.365739,2.365739,2.365739,2.1724353,2.1724353,2.1724353,2.1724353,2.2194602,2.2194602,2.2194602,2.2194602,1.952607,1.952607,1.952607,1.952607,2.425753,2.425753,2.425753,2.425753,2.3997478,2.3997478,2.3997478,2.3997478,2.9304042,2.9304042,2.9304042,2.9304042,2.648262,2.648262,2.648262,2.648262,3.0,3.0,3.0,3.0,3.0,3.0,3.0,3.0,3.0,3.0,3.0,3.0,2.839955,2.839955,2.839955,2.839955,2.543551,2.543551,2.543551,2.543551,2.3257668,2.3257668,2.3257668,2.3257668,2.5975723,2.5975723,2.5975723,2.5975723,2.3999171,2.3999171,2.3999171,2.3999171,2.6780226,2.6780226,2.6780226,2.6780226,2.368027,2.368027,2.368027,2.368027,2.4075565,2.4075565,2.4075565,2.4075565,2.0765898,2.0765898,2.0765898,2.0765898,1.8809915,1.8809915,1.8809915,1.8809915,1.8961186,1.8961186,1.8961186,1.8961186
1.7438138,1.7438138,1.7438138,1.7438138,1.6891574,1.6891574,1.6891574,1.6891574,1.6448317,1.6448317,1.6448317,1.6448317,1.9626352,1.9626352,1.9626352,1.9626352,1.9263896,1.9263896,1.9263896,1.9263896,2.2381458,2.2381458,2.2381458,2.2381458,2.3956742,2.3956742,2.3956742,2.3956742,2.1722903,2.1722903,2.1722903,2.1722903,2.365739,2.365739,2.365739,2.365739,2.1724353,2.1724353,2.1724353,2.1724353,2.2194602,2.2194602,2.2194602,2.2194602,1.952607,1.952607,1.952607,1.952607,2.425753,2.425753,2.425753,2.425753,2.3997478,2.3997478,2.3997478,2.3997478,2.9304042,2.9304042,2.9304042,2.9304042,2.648262,2.648262,2.648262,2.648262,3.0,3.0,3.0,3.0,3.0,3.0,3.0,3.0,3.0,3.0,3.0,3.0,2.839955,2.839955,2.839955,2.839955,2.543551,2.543551,2.543551,2.543551,2.3257668,2.3257668,2.3257668,2.3257668,2.5975723,2.5975723,2.5975723,2.5975723,2.3999171,2.3999171,2.3999171,2.3999171,2.6780226,2.6780226,2.6780226,2.6780226,2.368027,2.368027,2.368027,2.368027,2.4075565,2.4075565,2.4075565,2.4075565,2.0765898,2.0765898,2.0765898,2.0765898,1.8809915,1.8809915,1.8809915,1.8809915,1.8961186,1.8961186,1.8961186,1.8961186
1.5115157,1.5115157,1.5115157,1.5115157,1.65616,1.65616,1.65616,1.65616,1.6808214,1.6808214,1.6808214,1.6808214,1.7655954,1.7655954,1.7655954,1.7655954,2.3582933,2.3582933,2.3582933,2.3582933,1.9310783,1.9310783,1.9310783,1.9310783,1.9879549,1.9879549,1.9879549,1.9879549,1.6552559,1.6552559,1.6552559,1.6552559,1.5692931,1.5692931,1.5692931,1.5692931,2.152366,2.152366,2.152366,2.152366,1.893623,1.893623,1.893623,1.893623,2.1744242,2.1744242,2.1744242,2.1744242,1.7269775,1.7269775,1.7269775,1.7269775,2.8467028,2.8467028,2.8467028,2.8467028,3.0,3.0,3.0,3.0,2.4728506,2.4728506,2.4728506,2.4728506,2.0853767,2.0853767,2.0853767,2.0853767,2.927918,2.927918,2.927918,2.927918,2.6899428,2.6899428,2.6899428,2.6899428,2.6456456,2.6456456,2.6456456,2.6456456,2.6705372,2.6705372,2.6705372,2.6705372,1.9634113,1.9634113,1.9634113,1.9634113,2.4059682,2.4059682,2.4059682,2.4059682,2.4857912,2.4857912,2.4857912,2.4857912,2.070121,2.070121,2.070121,2.070121,1.5796959,1.5796959,1.5796959,1.5796959,1.7891271,1.7891271,1.7891271,1.7891271,1.7255089,1.7255089,1.7255089,1.7255089,2.1316502,2.1316502,2.1316502,2.1316502,1.8637195,1.8637195,1.8637195,1.8637195
1.5115157,1.5115157,1.5115157,1.5115157,1.65616,1.65616,1.65616,1.65616,1.6808214,1.6808214,1.6808214,1.6808214,1.7655954,1.7655954,1.7655954,1.7655954,2.3582933,2.3582933,2.3582933,2.3582933,1.9310783,1.9310783,1.9310783,1.9310783,1.9879549,1.9879549,1.9879549,1.9879549,1.6552559,1.6552559,1.6552559,1.6552559,1.5692931,1.5692931,1.5692931,1.5692931,2.152366,2.152366,2.152366,2.152366,1.893623,1.893623,1.893623,1.893623,2.1744242,2.1744242,2.1744242,2.1744242,1.7269775,1.7269775,1.7269775,1.7269775,2.8467028,2.8467028,2.8467028,2.8467028,3.0,3.0,3.0,3.0,2.4728506,2.4728506,2.4728506,2.4728506,2.0853767,2.0853767,2.0853767,2.0853767,2.927918,2.927918,2.927918,2.927918,2.6899428,2.6899428,2.6899428,2.6899428,2.6456456,2.6456456,2.6456456,2.6456456,2.6705372,2.6705372,2.6705372,2.6705372,1.9634113,1.9634113,1.9634113,1.9634113,2.4059682,2.4059682,2.4059682,2.4059682,2.4857912,2.4857912,2.4857912,2.4857912,2.070121,2.070121,2.070121,2.070121,1.5796959,1.5796959,1.5796959,1.5796959,1.7891271,1.7891271,1.7891271,1.7891271,1.7255089,1.7255089,1.7255089,1.7255089,2.1316502,2.1316502,2.1316502,2.1316502,1.8637195,1.8637195,1.8637195,1.8637195
1.5115157,1.5115157,1.5115157,1.5115157,1.65616,1.65616,1.65616,1.65616,1.6808214,1.6808214,1.6808214,1.6808214,1.7655954,1.7655954,1.7655954,1.7655954,2.3582933,2.3582933,2.3582933,2.3582933,1.9310783,1.9310783,1.9310783,1.9310783,1.9879549,1.9879549,1.9879549,1.9879549,1.6552559,1.6552559,1.6552559,1.6552559,1.5692931,1.5692931,1.5692931,1.5692931,2.152366,2.152366,2.152366,2.152366,1.893623,1.893623,1.893623,1.893623,2.1744242,2.1744242,2.1744242,2.1744242,1.7269775,1.7269775,1.7269775,1.7269775,2.8467028,2.8467028,2.8467028,2.8467028,3.0,3.0,3.0,3.0,2.4728506,2.4728506,2.4728506,2.4728506,2.0853767,2.0853767,2.0853767,2.0853767,2.927918,2.927918,2.927918,2.927918,2.6899428,2.6899428,2.6899428,2.6899428,2.6456456,2.6456456,2.6456456,2.6456456,2.6705372,2.6705372,2.6705372,2.6705372,1.9634113,1.9634113,1.9634113,1.9634113,2.4059682,2.4059682,2.4059682,2.4059682,2.4857912,2.4857912,2.4857912,2.4857912,2.070121,2.070121,2.070121,2.070121,1.5796959,1.5796959,1.5796959,1.5796959,1.7891271,1.7891271,1.7891271,1.7891271,1.7255089,1.7255089,1.7255089,1.7255089,2.1316502,2.1316502,2.1316502,2.1316502,1.8637195,1.8637195,1.8637195,1.8637195
1.5115157,1.5115157,1.5115157,1.5115157,1.65616,1.65616,1.65616,1.65616,1.6808214,1.6808214,1.6808214,1.6808214,1.7655954,1.7655954,1.7655954,1.7655954,2.3582933,2.3582933,2.3582933,2.3582933,1.9310783,1.9310783,1.9310783,1.9310783,1.9879549,1.9879549,1.9879549,1.9879549,1.6552559,1.6552559,1.6552559,1.6552559,1.5692931,1.5692931,1.5692931,1.5692931,2.152366,2.152366,2.152366,2.152366,1.893623,1.893623,1.893623,1.893623,2.1744242,2.1744242,2.1744242,2.1744242,1.7269775,1.7269775,1.7269775,1.7269775,2.8467028,2.8467028,2.8467028,2.8467028,3.0,3.0,3.0,3.0,2.4728506,2.4728506,2.4728506,2.4728506,2.0853767,2.0853767,2.0853767,2.0853767,2.927918,2.927918,2.927918,2.927918,2.6899428,2.6899428,2.6899428,2.6899428,2.6456456,2.6456456,2.6456456,2.6456456,2.6705372,2.6705372,2.6705372,2.6705372,1.9634113,1.9634113,1.9634113,1.9634113,2.4059682,2.4059682,2.4059682,2.4059682,2.4857912,2.4857912,2.4857912,2.4857912,2.070121,2.070121,2.070121,2.070121,1.5796959,1.5796959,1.5796959,1.5796959,1.7891271,1.7891271,1.7891271,1.7891271,1.7255089,1.7255089,1.7255089,1.7255089,2.1316502,2.1316502,2.1316502,2.1316502,1.8637195,1.8637195,1.8637195,1.8637195
1.6336339,1.6336339,1.6336339,1.6336339,1.7635516,1.7635516,1.7635516,1.7635516,1.6865819,1.6865819,1.6865819,1.6865819,1.7849023,1.7849023,1.7849023,1.7849023,1.8097721,1.8097721,1.8097721,1.8097721,1.9590971,1.9590971,1.9590971,1.9590971,1.933875,1.933875,1.933875,1.933875,2.0636115,2.0636115,2.0636115,2.0636115,1.6505278,1.6505278,1.6505278,1.6505278,1.4878868,1.4878868,1.4878868,1.4878868,1.4231764,1.4231764,1.4231764,1.4231764,2.4157925,2.4157925,2.4157925,2.4157925,2.1319227,2.1319227,2.1319227,2.1319227,2.2904823,2.2904823,2.2904823,2.2904823,2.425824,2.425824,2.425824,2.425824,2.0560672,2.0560672,2.0560672,2.0560672,1.8076713,1.8076713,1.8076713,1.8076713,2.1402402,2.1402402,2.1402402,2.1402402,3.0,3.0,3.0,3.0,1.9288659,1.9288659,1.9288659,1.9288659,1.9958043,1.9958043,1.9958043,1.9958043,1.8089173,1.8089173,1.8089173,1.8089173,1.8200977,1.8200977,1.8200977,1.8200977,2.0197453,2.0197453,2.0197453,2.0197453,2.0709624,2.0709624,2.0709624,2.0709624,1.8433233,1.8433233,1.8433233,1.8433233,1.8529487,1.8529487,1.8529487,1.8529487,1.6037257,1.6037257,1.6037257,1.6037257,1.2766106,1.2766106,1.2766106,1.2766106,1.3148379,1.3148379,1.3148379,1.3148379
1.6336339,1.6336339,1.6336339,1.6336339,1.7635516,1.7635516,1.7635516,1.7635516,1.6865819,1.6865819,1.6865819,1.6865819,1.7849023,1.7849023,1.7849023,1.7849023,1.8097721,1.8097721,1.8097721,1.8097721,1.9590971,1.9590971,1.9590971,1.9590971,1.933875,1.933875,1.933875,1.933875,2.0636115,2.0636115,2.0636115,2.0636115,1.6505278,1.6505278,1.6505278,1.6505278,1.4878868,1.4878868,1.4878868,1.4878868,1.4231764,1.4231764,1.4231764,1.4231764,2.4157925,2.4157925,2.4157925,2.4157925,2.1319227,2.1319227,2.1319227,2.1319227,2.2904823,2.2904823,2.2904823,2.2904823,2.425824,2.425824,2.425824,2.425824,2.0560672,2.0560672,2.0560672,2.0560672,1.8076713,1.8076713,1.8076713,1.8076713,2.1402402,2.1402402,2.1402402,2.1402402,3.0,3.0,3.0,3.0,1.9288659,1.9288659,1.9288659,1.9288659,1.9958043,1.9958043,1.9958043,1.9958043,1.8089173,1.8089173,1.8089173,1.8089173,1.8200977,1.8200977,1.8200977,1.8200977,2.0197453,2.0197453,2.0197453,2.0197453,2.0709624,2.0709624,2.0709624,2.0709624,1.8433233,1.8433233,1.8433233,1.8433233,1.8529487,1.8529487,1.8529487,1.8529487,1.6037257,1.6037257,1.6037257,1.6037257,1.2766106,1.2766106,1.2766106,1.2766106,1.3148379,1.3148379,1.3148379,1.3148379
1.6336339,1.6336339,1.6336339,1.6336339,1.7635516,1.7635516,1.7635516,1.7635516,1.6865819,1.6865819,1.6865819,1.6865819,1.7849023,1.7849023,1.7849023,1.7849023,1.8097721,1.8097721,1.8097721,1.8097721,1.9590971,1.9590971,1.9590971,1.9590971,1.933875,1.933875,1.933875,1.933875,2.0636115,2.0636115,2.0636115,2.0636115,1.6505278,1.6505278,1.6505278,1.6505278,1.4878868,1.4878868,1.4878868,1.4878868,1.4231764,1.4231764,1.4231764,1.4231764,2.4157925,2.4157925,2.4157925,2.4157925,2.1319227,2.1319227,2.1319227,2.1319227,2.2904823,2.2904823,2.2904823,2.2904823,2.425824,2.425824,2.425824,2.425824,2.0560672,2.0560672,2.0560672,2.0560672,1.8076713,1.8076713,1.8076713,1.8076713,2.1402402,2.1402402,2.1402402,2.1402402,3.0,3.0,3.0,3.0,1.9288659,1.9288659,1.9288659,1.9288659,1.9958043,1.9958043,1.9958043,1.9958043,1.8089173,1.8089173,1.8089173,1.8089173,1.8200977,1.8200977,1.8200977,1.8200977,2.0197453,2.0197453,2.0197453,2.0197453,2.0709624,2.0709624,2.0709624,2.0709624,1.8433233,1.8433233,1.8433233,1.8433233,1.8529487,1.8529487,1.8529487,1.8529487,1.6037257,1.6037257,1.6037257,1.6037257,1.2766106,1.2766106,1.2766106,1.2766106,1.3148379,1.3148379,1.3148379,1.3148379
1.6336339,1.6336339,1.6336339,1.6336339,1.7635516,1.7635516,1.7635516,1.7635516,1.6865819,1.6865819,1.6865819,1.6865819,1.7849023,1.7849023,1.7849023,1.7849023,1.8097721,1.8097721,1.8097721,1.8097721,1.9590971,1.9590971,1.9590971,1.9590971,1.933875,1.933875,1.933875,1.933875,2.0636115,2.0636115,2.0636115,2.0636115,1.6505278,1.6505278,1.6505278,1.6505278,1.4878868,1.4878868,1.4878868,1.4878868,1.4231764,1.4231764,1.4231764,1.4231764,2.4157925,2.4157925,2.4157925,2.4157925,2.1319227,2.1319227,2.1319227,2.1319227,2.2904823,2.2904823,2.2904823,2.2904823,2.425824,2.425824,2.425824,2.425824,2.0560672,2.0560672,2.0560672,2.0560672,1.8076713,1.8076713,1.8076713,1.8076713,2.1402402,2.1402402,2.1402402,2.1402402,3.0,3.0,3.0,3.0,1.9288659,1.9288659,1.9288659,1.9288659,1.9958043,1.9958043,1.9958043,1.9958043,1.8089173,1.8089173,1.8089173,1.8089173,1.8200977,1.8200977,1.8200977,1.8200977,2.0197453,2.0197453,2.0197453,2.0197453,2.0709624,2.0709624,2.0709624,2.0709624,1.8433233,1.8433233,1.8433233,1.8433233,1.8529487,1.8529487,1.8529487,1.8529487,1.6037257,1.6037257,1.6037257,1.6037257,1.2766106,1.2766106,1.2766106,1.2766106,1.3148379,1.3148379,1.3148379,1.3148379
1.7133435,1.7133435,1.7133435,1.7133435,1.8920779,1.8920779,1.8920779,1.8920779,1.9017841,1.9017841,1.9017841,1.9017841,1.8939401,1.8939401,1.8939401,1.8939401,1.8371733,1.8371733,1.8371733,1.8371733,1.2594196,1.2594196,1.2594196,1.2594196,1.5331596,1.5331596,1.5331596,1.5331596,2.1274524,2.1274524,2.1274524,2.1274524,2.0347807,2.0347807,2.0347807,2.0347807,1.5767752,1.5767752,1.5767752,1.5767752,1.3375053,1.3375053,1.3375053,1.3375053,2.2902877,2.2902877,2.2902877,2.2902877,1.8579475,1.8579475,1.8579475,1.8579475,1.712432,1.712432,1.712432,1.712432,2.3779776,2.3779776,2.3779776,2.3779776,2.8478963,2.8478963,2.8478963,2.8478963,2.814884,2.814884,2.814884,2.814884,3.0,3.0,3.0,3.0,3.0,3.0,3.0,3.0,3.0,3.0,3.0,3.0,1.5677075,1.5677075,1.5677075,1.5677075,1.6891792,1.6891792,1.6891792,1.6891792,2.1626136,2.1626136,2.1626136,2.1626136,1.6400808,1.6400808,1.6400808,1.6400808,1.5374198,1.5374198,1.5374198,1.5374198,1.8349258,1.8349258,1.8349258,1.8349258,1.7778435,1.7778435,1.7778435,1.7778435,2.086429,2.086429,2.086429,2.086429,1.6885085,1.6885085,1.6885085,1.6885085,2.3738244,2.3738244,2.3738244,2.3738244
1.7133435,1.7133435,1.7133435,1.7133435,1.8920779,1.8920779,1.8920779,1.8920779,1.9017841,1.9017841,1.9017841,1.9017841,1.8939401,1.8939401,1.8939401,1.8939401,1.8371733,1.8371733,1.8371733,1.8371733,1.2594196,1.2594196,1.2594196,1.2594196,1.5331596,1.5331596,1.5331596,1.5331596,2.1274524,2.1274524,2.1274524,2.1274524,2.0347807,2.0347807,2.0347807,2.0347807,1.5767752,1.5767752,1.5767752,1.5767752,1.3375053,1.3375053,1.3375053,1.3375053,2.2902877,2.2902877,2.2902877,2.2902877,1.8579475,1.8579475,1.8579475,1.8579475,1.712432,1.712432,1.712432,1.712432,2.3779776,2.3779776,2.3779776,2.3779776,2.8478963,2.8478963,2.8478963,2.8478963,2.814884,2.814884,2.814884,2.814884,3.0,3.0,3.0,3.0,3.0,3.0,3.0,3.0,3.0,3.0,3.0,3.0,1.5677075,1.5677075,1.5677075,1.5677075,1.6891792,1.6891792,1.6891792,1.6891792,2.1626136,2.1626136,2.1626136,2.1626136,1.6400808,1.6400808,1.6400808,1.6400808,1.5374198,1.5374198,1.5374198,1.5374198,1.8349258,1.8349258,1.8349258,1.8349258,1.7778435,1.7778435,1.7778435,1.7778435,2.086429,2.086429,2.086429,2.086429,1.6885085,1.6885085,1.6885085,1.6885085,2.3738244,2.3738244,2.3738244,2.3738244
1.7133435,1.7133435,1.7133435,1.7133435,1.8920779,1.8920779,1.8920779,1.8920779,1.9017841,1.9017841,1.9017841,1.9017841,1.8939401,1.8939401,1.8939401,1.8939401,1.8371733,1.8371733,1.8371733,1.8371733,1.2594196,1.2594196,1.2594196,1.2594196,1.5331596,1.5331596,1.5331596,1.5331596,2.1274524,2.1274524,2.1274524,2.1274524,2.0347807,2.0347807,2.0347807,2.0347807,1.5767752,1.5767752,1.5767752,1.5767752,1.3375053,1.3375053,1.3375053,1.3375053,2.2902877,2.2902877,2.2902877,2.2902877,1.8579475,1.8579475,1.8579475,1.8579475,1.712432,1.712432,1.712432,1.712432,2.3779776,2.3779776,2.3779776,2.3779776,2.8478963,2.8478963,2.8478963,2.8478963,2.814884,2.814884,2.814884,2.814884,3.0,3.0,3.0,3.0,3.0,3.0,3.0,3.0,3.0,3.0,3.0,3.0,1.5677075,1.5677075,1.5677075,1.5677075,1.6891792,1.6891792,1.6891792,1.6891792,2.1626136,2.1626136,2.1626136,2.1626136,1.6400808,1.6400808,1.6400808,1.6400808,1.5374198,1.5374198,1.5374198,1.5374198,1.8349258,1.8349258,1.8349258,1.8349258,1.7778435,1.7778435,1.7778435,1.7778435,2.086429,2.086429,2.086429,2.086429,1.6885085,1.6885085,1.6885085,1.6885085,2.3738244,2.3738244,2.3738244,2.3738244
1.7133435,1.7133435,1.7133435,1.7133435,1.8920779,1.8920779,1.8920779,1.8920779,1.9017841,1.9017841,1.9017841,1.9017841,1.8939401,1.8939401,1.8939401,1.8939401,1.8371733,1.8371733,1.8371733,1.8371733,1.2594196,1.2594196,1.2594196,1.2594196,1.5331596,1.5331596,1.5331596,1.5331596,2.1274524,2.1274524,2.1274524,2.1274524,2.0347807,2.0347807,2.0347807,2.0347807,1.5767752,1.5767752,1.5767752,1.5767752,1.3375053,1.3375053,1.3375053,1.3375053,2.2902877,2.2902877,2.2902877,2.2902877,1.8579475,1.8579475,1.8579475,1.8579475,1.712432,1.712432,1.712432,1.712432,2.3779776,2.3779776,2.3779776,2.3779776,2.8478963,2.8478963,2.8478963,2.8478963,2.814884,2.814884,2.814884,2.814884,3.0,3.0,3.0,3.0,3.0,3.0,3.0,3.0,3.0,3.0,3.0,3.0,1.5677075,1.5677075,1.5677075,1.5677075,1.6891792,1.6891792,1.6891792,1.6891792,2.1626136,2.1626136,2.1626136,2.1626136,1.6400808,1.6400808,1.6400808,1.6400808,1.5374198,1.5374198,1.5374198,1.5374198,1.8349258,1.8349258,1.8349258,1.8349258,1.7778435,1.7778435,1.7778435,1.7778435,2.086429,2.086429,2.086429,2.086429,1.6885085,1.6885085,1.6885085,1.6885085,2.3738244,2.3738244,2.3738244,2.3738244
1.7967883,1.7967883,1.7967883,1.7967883,1.4431088,1.4431088,1.4431088,1.4431088,1.0537461,1.0537461,1.0537461,1.0537461,0.90861344,0.90861344,0.90861344,0.90861344,1.3524637,1.3524637,1.3524637,1.3524637,1.6379832,1.6379832,1.6379832,1.6379832,1.6098338,1.6098338,1.6098338,1.6098338,2.221649,2.221649,2.221649,2.221649,2.1045203,2.1045203,2.1045203,2.1045203,1.617398,1.617398,1.617398,1.617398,1.399312,1.399312,1.399312,1.399312,1.7732377,1.7732377,1.7732377,1.7732377,1.5627747,1.5627747,1.5627747,1.5627747,1.7389071,1.7389071,1.7389071,1.7389071,2.9597995,2.9597995,2.9597995,2.9597995,3.0,3.0,3.0,3.0,2.5966806,2.5966806,2.5966806,2.5966806,3.0,3.0,3.0,3.0,3.0,3.0,3.0,3.0,2.8864682,2.8864682,2.8864682,2.8864682,2.4856358,2.4856358,2.4856358,2.4856358,1.8987669,1.8987669,1.8987669,1.8987669,2.0755248,2.0755248,2.0755248,2.0755248,1.6488578,1.6488578,1.6488578,1.6488578,1.7535219,1.7535219,1.7535219,1.7535219,1.7262217,1.7262217,1.7262217,1.7262217,1.7971964,1.7971964,1.7971964,1.7971964,1.8918748,1.8918748,1.8918748,1.8918748,1.8545344,1.8545344,1.8545344,1.8545344,2.5236137,2.5236137,2.5236137,2.5236137
1.7967883,1.7967883,1.7967883,1.7967883,1.4431088,1.4431088,1.4431088,1.4431088,1.0537461,1.0537461,1.0537461,1.0537461,0.90861344,0.90861344,0.90861344,0.90861344,1.3524637,1.3524637,1.3524637,1.3524637,1.6379832,1.6379832,1.6379832,1.6379832,1.6098338,1.6098338,1.6098338,1.6098338,2.221649,2.221649,2.221649,2.221649,2.1045203,2.1045203,2.1045203,2.1045203,1.617398,1.617398,1.617398,1.617398,1.399312,1.399312,1.399312,1.399312,1.7732377,1.7732377,1.7732377,1.7732377,1.5627747,1.5627747,1.5627747,1.5627747,1.7389071,1.7389071,1.7389071,1.7389071,2.9597995,2.9597995,2.9597995,2.9597995,3.0,3.0,3.0,3.0,2.5966806,2.5966806,2.5966806,2.5966806,3.0,3.0,3.0,3.0,3.0,3.0,3.0,3.0,2.8864682,2.8864682,2.8864682,2.8864682,2.4856358,2.4856358,2.4856358,2.4856358,1.8987669,1.8987669,1.8987669,1.8987669,2.0755248,2.0755248,2.0755248,2.0755248,1.6488578,1.6488578,1.6488578,1.6488578,1.7535219,1.7535219,1.7535219,1.7535219,1.7262217,1.7262217,1.7262217,1.7262217,1.7971964,1.7971964,1.7971964,1.7971964,1.8918748,1.8918748,1.8918748,1.8918748,1.8545344,1.8545344,1.8545344,1.8545344,2.5236137,2.5236137,2.5236137,2.5236137
1.7967883,1.7967883,1.7967883,1.7967883,1.4431088,1.4431088,1.4431088,1.4431088,1.0537461,1.0537461,1.0537461,1.0537461,0.90861344,0.90861344,0.90861344,0.90861344,1.3524637,1.3524637,1.3524637,1.3524637,1.6379832,1.6379832,1.6379832,1.6379832,1.6098338,1.6098338,1.6098338,1.6098338,2.221649,2.221649,2.221649,2.221649,2.1045203,2.1045203,2.1045203,2.1045203,1.617398,1.617398,1.617398,1.617398,1.399312,1.399312,1.399312,1.399312,1.7732377,1.7732377,1.7732377,1.7732377,1.5627747,1.5627747,1.5627747,1.5627747,1.7389071,1.7389071,1.7389071,1.7389071,2.9597995,2.9597995,2.9597995,2.9597995,3.0,3.0,3.0,3.0,2.5966806,2.5966806,2.5966806,2.5966806,3.0,3.0,3.0,3.0,3.0,3.0,3.0,3.0,2.8864682,2.8864682,2.8864682,2.8864682,2.4856358,2.4856358,2.4856358,2.4856358,1.8987669,1.8987669,1.8987669,1.8987669,2.0755248,2.0755248,2.0755248,2.0755248,1.6488578,1.6488578,1.6488578,1.6488578,1.7535219,1.7535219,1.7535219,1.7535219,1.7262217,1.7262217,1.7262217,1.7262217,1.7971964,1.7971964,1.7971964,1.7971964,1.8918748,1.8918748,1.8918748,1.8918748,1.8545344,1.8545344,1.8545344,1.8545344,2.5236137,2.5236137,2.5236137,2.5236137
1.7967883,1.7967883,1.7967883,1.7967883,1.4431088,1.4431088,1.4431088,1.4431088,1.0537461,1.0537461,1.0537461,1.0537461,0.90861344,0.90861344,0.90861344,0.90861344,1.3524637,1.3524637,1.3524637,1.3524637,1.6379832,1.6379832,1.6379832,1.6379832,1.6098338,1.6098338,1.6098338,1.6098338,2.221649,2.221649,2.221649,2.221649,2.1045203,2.1045203,2.1045203,2.1045203,1.617398,1.617398,1.617398,1.617398,1.399312,1.399312,1.399312,1.399312,1.7732377,1.7732377,1.7732377,1.7732377,1.5627747,1.5627747,1.5627747,1.5627747,1.7389071,1.7389071,1.7389071,1.7389071,2.9597995,2.9597995,2.9597995,2.9597995,3.0,3.0,3.0,3.0,2.5966806,2.5966806,2.5966806,2.5966806,3.0,3.0,3.0,3.0,3.0,3.0,3.0,3.0,2.8864682,2.8864682,2.8864682,2.8864682,2.4856358,2.4856358,2.4856358,2.4856358,1.8987669,1.8987669,1.8987669,1.8987669,2.0755248,2.0755248,2.0755248,2.0755248,1.6488578,1.6488578,1.6488578,1.6488578,1.7535219,1.7535219,1.7535219,1.7535219,1.7262217,1.7262217,1.7262217,1.7262217,1.7971964,1.7971964,1.7971964,1.7971964,1.8918748,1.8918748,1.8918748,1.8918748,1.8545344,1.8545344,1.8545344,1.8545344,2.5236137,2.5236137,2.5236137,2.5236137
0.6990681,0.6990681,0.6990681,0.6990681,0.7047183,0.7047183,0.7047183,0.7047183,0.8781959,0.8781959,0.8781959,0.8781959,0.87196296,0.87196296,0.87196296,0.87196296,1.2379551,1.2379551,1.2379551,1.2379551,1.2655346,1.2655346,1.2655346,1.2655346,1.161285,1.161285,1.161285,1.161285,1.4625264,1.4625264,1.4625264,1.4625264,2.7938359,2.7938359,2.7938359,2.7938359,2.5926151,2.5926151,2.5926151,2.5926151,2.438586,2.438586,2.438586,2.438586,2.3182123,2.3182123,2.3182123,2.3182123,1.9180778,1.9180778,1.9180778,1.9180778,2.0612376,2.0612376,2.0612376,2.0612376,1.6326604,1.6326604,1.6326604,1.6326604,1.8779238,1.8779238,1.8779238,1.8779238,2.1529777,2.1529777,2.1529777,2.1529777,2.9216824,2.9216824,2.9216824,2.9216824,2.6457086,2.6457086,2.6457086,2.6457086,2.554834,2.554834,2.554834,2.554834,1.9848056,1.9848056,1.9848056,1.9848056,1.2687852,1.2687852,1.2687852,1.2687852,1.4073802,1.4073802,1.4073802,1.4073802,1.6229534,1.6229534,1.6229534,1.6229534,1.6924001,1.6924001,1.6924001,1.6924001,1.8965881,1.8965881,1.8965881,1.8965881,1.7569677,1.7569677,1.7569677,1.7569677,1.5937103,1.5937103,1.5937103,1.5937103,2.1900346,2.1900346,2.1900346,2.1900346,2.1122062,2.1122062,2.1122062,2.1122062
0.6990681,0.6990681,0.6990681,0.6990681,0.7047183,0.7047183,0.7047183,0.7047183,0.8781959,0.8781959,0.8781959,0.8781959,0.87196296,0.87196296,0.87196296,0.87196296,1.2379551,1.2379551,1.2379551,1.2379551,1.2655346,1.2655346,1.2655346,1.2655346,1.161285,1.161285,1.161285,1.161285,1.4625264,1.4625264,1.4625264,1.4625264,2.7938359,2.7938359,2.7938359,2.7938359,2.5926151,2.5926151,2.5926151,2.5926151,2.438586,2.438586,2.438586,2.438586,2.3182123,2.3182123,2.3182123,2.3182123,1.9180778,1.9180778,1.9180778,1.9180778,2.0612376,2.0612376,2.0612376,2.0612376,1.6326604,1.6326604,1.6326604,1.6326604,1.8779238,1.8779238,1.8779238,1.8779238,2.1529777,2.1529777,2.1529777,2.1529777,2.9216824,2.9216824,2.9216824,2.9216824,2.6457086,2.6457086,2.6457086,2.6457086,2.554834,2.554834,2.554834,2.554834,1.9848056,1.9848056,1.9848056,1.9848056,1.2687852,1.2687852,1.2687852,1.2687852,1.4073802,1.4073802,1.4073802,1.4073802,1.6229534,1.6229534,1.6229534,1.6229534,1.6924001,1.6924001,1.6924001,1.6924001,1.8965881,1.8965881,1.8965881,1.8965881,1.7569677,1.7569677,1.7569677,1.7569677,1.5937103,1.5937103,1.5937103,1.5937103,2.1900346,2.1900346,2.1900346,2.1900346,2.1122062,2.1122062,2.1122062,2.1122062
0.6990681,0.6990681,0.6990681,0.6990681,0.7047183,0.7047183,0.7047183,0.7047183,0.8781959,0.8781959,0.8781959,0.8781959,0.87196296,0.87196296,0.87196296,0.87196296,1.2379551,1.2379551,1.2379551,1.2379551,1.2655346,1.2655346,1.2655346,1.2655346,1.161285,1.161285,1.161285,1.161285,1.4625264,1.4625264,1.4625264,1.4625264,2.7938359,2.7938359,2.7938359,2.7938359,2.5926151,2.5926151,2.5926151,2.5926151,2.438586,2.438586,2.438586,2.438586,2.3182123,2.3182123,2.3182123,2.3182123,1.9180778,1.9180778,1.9180778,1.9180778,2.0612376,2.0612376,2.0612376,2.0612376,1.6326604,1.6326604,1.6326604,1.6326604,1.8779238,1.8779238,1.8779238,1.8779238,2.1529777,2.1529777,2.1529777,2.1529777,2.9216824,2.9216824,2.9216824,2.9216824,2.6457086,2.6457086,2.6457086,2.6457086,2.554834,2.554834,2.554834,2.554834,1.9848056,1.9848056,1.9848056,1.9848056,1.2687852,1.2687852,1.2687852,1.2687852,1.4073802,1.4073802,1.4073802,1.4073802,1.6229534,1.6229534,1.6229534,1.6229534,1.6924001,1.6924001,1.6924001,1.6924001,1.8965881,1.8965881,1.8965881,1.8965881,1.7569677,1.7569677,1.7569677,1.7569677,1.5937103,1.5937103,1.5937103,1.5937103,2.1900346,2.1900346,2.1900346,2.1900346,2.1122062,2.1122062,2.1122062,2.1122062
0.6990681,0.6990681,0.6990681,0.6990681,0.7047183,0.7047183,0.7047183,0.7047183,0.8781959,0.8781959,0.8781959,0.8781959,0.87196296,0.87196296,0.87196296,0.87196296,1.2379551,1.2379551,1.2379551,1.2379551,1.2655346,1.2655346,1.2655346,1.2655346,1.161285,1.161285,1.161285,1.161285,1.4625264,1.4625264,1.4625264,1.4625264,2.7938359,2.7938359,2.7938359,2.7938359,2.5926151,2.5926151,2.5926151,2.5926151,2.438586,2.438586,2.438586,2.438586,2.3182123,2.3182123,2.3182123,2.3182123,1.9180778,1.9180778,1.9180778,1.9180778,2.0612376,2.0612376,2.0612376,2.0612376,1.6326604,1.6326604,1.6326604,1.6326604,1.8779238,1.8779238,1.8779238,1.8779238,2.1529777,2.1529777,2.1529777,2.1529777,2.9216824,2.9216824,2.9216824,2.9216824,2.6457086,2.6457086,2.6457086,2.6457086,2.554834,2.554834,2.554834,2.554834,1.9848056,1.9848056,1.9848056,1.9848056,1.2687852,1.2687852,1.2687852,1.2687852,1.4073802,1.4073802,1.4073802,1.4073802,1.6229534,1.6229534,1.6229534,1.6229534,1.6924001,1.6924001,1.6924001,1.6924001,1.8965881,1.8965881,1.8965881,1.8965881,1.7569677,1.7569677,1.7569677,1.7569677,1.5937103,1.5937103,1.5937103,1.5937103,2.1900346,2.1900346,2.1900346,2.1900346,2.1122062,2.1122062,2.1122062,2.1122062
0.6,0.6,0.6,0.6,0.7608523,0.7608523,0.7608523,0.7608523,0.9755678,0.9755678,0.9755678,0.9755678,1.0923871,1.0923871,1.0923871,1.0923871,1.0673012,1.0673012,1.0673012,1.0673012,0.97418255,0.97418255,0.97418255,0.97418255,1.0126413,1.0126413,1.0126413,1.0126413,1.0639111,1.0639111,1.0639111,1.0639111,2.1642773,2.1642773,2.1642773,2.1642773,2.115902,2.115902,2.115902,2.115902,1.7447202,1.7447202,1.7447202,1.7447202,1.586359,1.586359,1.586359,1.586359,0.96613556,0.96613556,0.96613556,0.96613556,1.8042638,1.8042638,1.8042638,1.8042638,1.6548678,1.6548678,1.6548678,1.6548678,2.1817026,2.1817026,2.1817026,2.1817026,1.5751904,1.5751904,1.5751904,1.5751904,1.2121462,1.2121462,1.2121462,1.2121462,2.3672931,2.3672931,2.3672931,2.3672931,1.7804667,1.7804667,1.7804667,1.7804667,1.6077962,1.6077962,1.6077962,1.6077962,1.9427763,1.9427763,1.9427763,1.9427763,2.0447922,2.0447922,2.0447922,2.0447922,1.9466729,1.9466729,1.9466729,1.9466729,1.8888092,1.8888092,1.8888092,1.8888092,1.3478451,1.3478451,1.3478451,1.3478451,1.3777885,1.3777885,1.3777885,1.3777885,1.4403582,1.4403582,1.4403582,1.4403582,1.7871896,1.7871896,1.7871896,1.7871896,1.8568316,1.8568316,1.8568316,1.8568316
0.6,0.6,0.6,0.6,0.7608523,0.7608523,0.7608523,0.7608523,0.9755678,0.9755678,0.9755678,0.9755678,1.0923871,1.0923871,1.0923871,1.0923871,1.0673012,1.0673012,1.0673012,1.0673012,0.97418255,0.97418255,0.97418255,0.97418255,1.0126413,1.0126413,1.0126413,1.0126413,1.0639111,1.0639111,1.0639111,1.0639111,2.1642773,2.1642773,2.1642773,2.1642773,2.115902,2.115902,2.115902,2.115902,1.7447202,1.7447202,1.7447202,1.7447202,1.586359,1.586359,1.586359,1.586359,0.96613556,0.96613556,0.96613556,0.96613556,1.8042638,1.8042638,1.8042638,1.8042638,1.6548678,1.6548678,1.6548678,1.6548678,2.1817026,2.1817026,2.1817026,2.1817026,1.5751904,1.5751904,1.5751904,1.5751904,1.2121462,1.2121462,1.2121462,1.2121462,2.3672931,2.3672931,2.3672931,2.3672931,1.7804667,1.7804667,1.7804667,1.7804667,1.6077962,1.6077962,1.6077962,1.6077962,1.9427763,1.9427763,1.9427763,1.9427763,2.0447922,2.0447922,2.0447922,2.0447922,1.9466729,1.9466729,1.9466729,1.9466729,1.8888092,1.8888092,1.8888092,1.8888092,1.3478451,1.3478451,1.3478451,1.3478451,1.3777885,1.3777885,1.3777885,1.3777885,1.4403582,1.4403582,1.4403582,1.4403582,1.7871896,1.7871896,1.7871896,1.7871896,1.8568316,1.8568316,1.8568316,1.8568316
0.6,0.6,0.6,0.6,0.7608523,0.7608523,0.7608523,0.7608523,0.9755678,0.9755678,0.9755678,0.9755678,1.0923871,1.0923871,1.0923871,1.0923871,1.0673012,1.0673012,1.0673012,1.0673012,0.97418255,0.97418255,0.97418255,0.97418255,1.0126413,1.0126413,1.0126413,1.0126413,1.0639111,1.0639111,1.0639111,1.0639111,2.1642773,2.1642773,2.1642773,2.1642773,2.115902,2.115902,2.115902,2.115902,1.7447202,1.7447202,1.7447202,1.7447202,1.586359,1.586359,1.586359,1.586359,0.96613556,0.96613556,0.96613556,0.96613556,1.8042638,1.8042638,1.8042638,1.8042638,1.6548678,1.6548678,1.6548678,1.6548678,2.1817026,2.1817026,2.1817026,2.1817026,1.5751904,1.5751904,1.5751904,1.5751904,1.2121462,1.2121462,1.2121462,1.2121462,2.3672931,2.3672931,2.3672931,2.3672931,1.7804667,1.7804667,1.7804667,1.7804667,1.6077962,1.6077962,1.6077962,1.6077962,1.9427763,1.9427763,1.9427763,1.9427763,2.0447922,2.0447922,2.0447922,2.0447922,1.9466729,1.9466729,1.9466729,1.9466729,1.8888092,1.8888092,1.8888092,1.8888092,1.3478451,1.3478451,1.3478451,1.3478451,1.3777885,1.3777885,1.3777885,1.3777885,1.4403582,1.4403582,1.4403582,1.4403582,1.7871896,1.7871896,1.7871896,1.7871896,1.8568316,1.8568316,1.8568316,1.8568316
0.6,0.6,0.6,0.6,0.7608523,0.7608523,0.7608523,0.7608523,0.9755678,0.9755678,0.9755678,0.9755678,1.0923871,1.0923871,1.0923871,1.0923871,1.0673012,1.0673012,1.0673012,1.0673012,0.97418255,0.97418255,0.97418255,0.97418255,1.0126413,1.0126413,1.0126413,1.0126413,1.0639111,1.0639111,1.0639111,1.0639111,2.1642773,2.1642773,2.1642773,2.1642773,2.115902,2.115902,2.115902,2.115902,1.7447202,1.7447202,1.7447202,1.7447202,1.586359,1.586359,1.586359,1.586359,0.96613556,0.96613556,0.96613556,0.96613556,1.8042638,1.8042638,1.8042638,1.8042638,1.6548678,1.6548678,1.6548678,1.6548678,2.1817026,2.1817026,2.1817026,2.1817026,1.5751904,1.5751904,1.5751904,1.5751904,1.2121462,1.2121462,1.2121462,1.2121462,2.3672931,2.3672931,2.3672931,2.3672931,1.7804667,1.7804667,1.7804667,1.7804667,1.6077962,1.6077962,1.6077962,1.6077962,1.9427763,1.9427763,1.9427763,1.9427763,2.0447922,2.0447922,2.0447922,2.0447922,1.9466729,1.9466729,1.9466729,1.9466729,1.8888092,1.8888092,1.8888092,1.8888092,1.3478451,1.3478451,1.3478451,1.3478451,1.3777885,1.3777885,1.3777885,1.3777885,1.4403582,1.4403582,1.4403582,1.4403582,1.7871896,1.7871896,1.7871896,1.7871896,1.8568316,1.8568316,1.8568316,1.8568316
0.6,0.6,0.6,0.6,0.8065851,0.8065851,0.8065851,0.8065851,0.6462181,0.6462181,0.6462181,0.6462181,0.6,0.6,0.6,0.6,0.6,0.6,0.6,0.6,0.6,0.6,0.6,0.6,0.6,0.6,0.6,0.6,0.6,0.6,0.6,0.6,1.7587782,1.7587782,1.7587782,1.7587782,1.5934914,1.5934914,1.5934914,1.5934914,1.0209825,1.0209825,1.0209825,1.0209825,1.8814876,1.8814876,1.8814876,1.8814876,1.6056241,1.6056241,1.6056241,1.6056241,1.4582174,1.4582174,1.4582174,1.4582174,1.727512,1.727512,1.727512,1.727512,1.7278852,1.7278852,1.7278852,1.7278852,2.5457873,2.5457873,2.5457873,2.5457873,2.2583666,2.2583666,2.2583666,2.2583666,2.0335073,2.0335073,2.0335073,2.0335073,1.6446521,1.6446521,1.6446521,1.6446521,2.1989763,2.1989763,2.1989763,2.1989763,2.158403,2.158403,2.158403,2.158403,1.4859269,1.4859269,1.4859269,1.4859269,2.1860595,2.1860595,2.1860595,2.1860595,2.4164474,2.4164474,2.4164474,2.4164474,1.6699449,1.6699449,1.6699449,1.6699449,1.6980284,1.6980284,1.6980284,1.6980284,1.4767078,1.4767078,1.4767078,1.4767078,1.7459377,1.7459377,1.7459377,1.7459377,2.8907876,2.8907876,2.8907876,2.8907876
0.6,0.6,0.6,0.6,0.8065851,0.8065851,0.8065851,0.8065851,0.6462181,0.6462181,0.6462181,0.6462181,0.6,0.6,0.6,0.6,0.6,0.6,0.6,0.6,0.6,0.6,0.6,0.6,0.6,0.6,0.6,0.6,0.6,0.6,0.6,0.6,1.7587782,1.7587782,1.7587782,1.7587782,1.5934914,1.5934914,1.5934914,1.5934914,1.0209825,1.0209825,1.0209825,1.0209825,1.8814876,1.8814876,1.8814876,1.8814876,1.6056241,1.6056241,1.6056241,1.6056241,1.4582174,1.4582174,1.4582174,1.4582174,1.727512,1.727512,1.727512,1.727512,1.7278852,1.7278852,1.7278852,1.7278852,2.5457873,2.5457873,2.5457873,2.5457873,2.2583666,2.2583666,2.2583666,2.2583666,2.0335073,2.0335073,2.0335073,2.0335073,1.6446521,1.6446521,1.6446521,1.6446521,2.1989763,2.1989763,2.1989763,2.1989763,2.158403,2.158403,2.158403,2.158403,1.4859269,1.4859269,1.4859269,1.4859269,2.1860595,2.1860595,2.1860595,2.1860595,2.4164474,2.4164474,2.4164474,2.4164474,1.6699449,1.6699449,1.6699449,1.6699449,1.6980284,1.6980284,1.6980284,1.6980284,1.4767078,1.4767078,1.4767078,1.4767078,1.7459377,1.7459377,1.7459377,1.7459377,2.8907876,2.8907876,2.8907876,2.8907876
0.6,0.6,0.6,0.6,0.8065851,0.8065851,0.8065851,0.8065851,0.6462181,0.6462181,0.6462181,0.6462181,0.6,0.6,0.6,0.6,0.6,0.6,0.6,0.6,0.6,0.6,0.6,0.6,0.6,0.6,0.6,0.6,0.6,0.6,0.6,0.6,1.7587782,1.7587782,1.7587782,1.7587782,1.5934914,1.5934914,1.5934914,1.5934914,1.0209825,1.0209825,1.0209825,1.0209825,1.8814876,1.8814876,1.8814876,1.8814876,1.6056241,1.6056241,1.6056241,1.6056241,1.4582174,1.4582174,1.4582174,1.4582174,1.727512,1.727512,1.727512,1.727512,1.7278852,1.7278852,1.7278852,1.7278852,2.5457873,2.5457873,2.5457873,2.5457873,2.2583666,2.2583666,2.2583666,2.2583666,2.0335073,2.0335073,2.0335073,2.0335073,1.6446521,1.6446521,1.6446521,1.6446521,2.1989763,2.1989763,2.1989763,2.1989763,2.158403,2.158403,2.158403,2.158403,1.4859269,1.4859269,1.4859269,1.4859269,2.1860595,2.1860595,2.1860595,2.1860595,2.4164474,2.4164474,2.4164474,2.4164474,1.6699449,1.6699449,1.6699449,1.6699449,1.6980284,1.6980284,1.6980284,1.6980284,1.4767078,1.4767078,1.4767078,1.4767078,1.7459377,1.7459377,1.7459377,1.7459377,2.8907876,2.8907876,2.8907876,2.8907876
0.6,0.6,0.6,0.6,0.8065851,0.8065851,0.8065851,0.8065851,0.6462181,0.6462181,0.6462181,0.6462181,0.6,0.6,0.6,0.6,0.6,0.6,0.6,0.6,0.6,0.6,0.6,0.6,0.6,0.6,0.6,0.6,0.6,0.6,0.6,0.6,1.7587782,1.7587782,1.7587782,1.7587782,1.5934914,1.5934914,1.5934914,1.5934914,1.0209825,1.0209825,1.0209825,1.0209825,1.8814876,1.8814876,1.8814876,1.8814876,1.6056241,1.6056241,1.6056241,1.6056241,1.4582174,1.4582174,1.4582174,1.4582174,1.727512,1.727512,1.727512,1.727512,1.7278852,1.7278852,1.7278852,1.7278852,2.5457873,2.5457873,2.5457873,2.5457873,2.2583666,2.2583666,2.2583666,2.2583666,2.0335073,2.0335073,2.0335073,2.0335073,1.6446521,1.6446521,1.6446521,1.6446521,2.1989763,2.1989763,2.1989763,2.1989763,2.158403,2.158403,2.158403,2.158403,1.4859269,1.4859269,1.4859269,1.4859269,2.1860595,2.1860595,2.1860595,2.1860595,2.4164474,2.4164474,2.4164474,2.4164474,1.6699449,1.6699449,1.6699449,1.6699449,1.6980284,1.6980284,1.6980284,1.6980284,1.4767078,1.4767078,1.4767078,1.4767078,1.7459377,1.7459377,1.7459377,1.7459377,2.8907876,2.8907876,2.8907876,2.8907876
